function C = coefs_4l3v_dim2(data)

    X1 = data{1};
    X2 = data{2};
    X3 = data{3};

    C = zeros(4,30);

    C(89) = -89/125*X1(1)*X2(1)*X3(1);
    C(73) = -68/25*X1(1)*X2(1)*X3(1);
    C([49,77,113]) = 68/25*X1(1)*X2(1)*X3(1);
    C([37,85,109]) = 89/125*X1(1)*X2(1)*X3(1);
    C(14) = -2*X1(4)*X2(5)*X3(4)-2*X2(4)*X3(4)*X1(5)+2*X2(5)*X3(6)*X1(6)-2*X2(6)*X3(6)*X1(5);
    C(34) = 2*X1(4)*X2(5)*X3(4)+2*X2(4)*X3(4)*X1(5)+2*X2(5)*X3(6)*X1(6)-2*X2(6)*X3(6)*X1(5);
    C(26) = -2*X1(4)*X2(5)*X3(5)-2*X1(4)*X2(6)*X3(6)-2*X2(4)*X3(5)*X1(5)-2*X2(4)*X3(6)*X1(6);
    C(18) = -2*X1(4)*X2(5)*X3(5)+2*X1(4)*X2(6)*X3(6)-2*X2(4)*X3(5)*X1(5)+2*X2(4)*X3(6)*X1(6);
    C(46) = 2*X1(4)*X2(6)*X3(4)+2*X2(4)*X3(4)*X1(6)-2*X2(5)*X3(5)*X1(6)+2*X2(6)*X3(5)*X1(5);
    C(6) = 2*X1(4)*X2(6)*X3(4)+2*X2(4)*X3(4)*X1(6)+2*X2(5)*X3(5)*X1(6)-2*X2(6)*X3(5)*X1(5);
    C(28) = -2*X1(10)*X2(11)*X3(11)-2*X1(10)*X2(12)*X3(12)-2*X2(10)*X3(11)*X1(11)-2*X2(10)*X3(12)*X1(12);
    C(27) = -2*X2(7)*X3(8)*X1(8)-2*X2(7)*X3(9)*X1(9)-2*X1(7)*X2(8)*X3(8)-2*X1(7)*X2(9)*X3(9);
    C(19) = -2*X2(7)*X3(8)*X1(8)+2*X2(7)*X3(9)*X1(9)-2*X1(7)*X2(8)*X3(8)+2*X1(7)*X2(9)*X3(9);
    C(47) = -2*X2(8)*X3(8)*X1(9)+2*X2(9)*X3(8)*X1(8)+2*X1(7)*X2(9)*X3(7)+2*X2(7)*X3(7)*X1(9);
    C(35) = 2*X2(8)*X3(9)*X1(9)-2*X2(9)*X3(9)*X1(8)+2*X1(7)*X2(8)*X3(7)+2*X2(7)*X3(7)*X1(8);
    C(7) = -2*X2(9)*X3(8)*X1(8)+2*X2(7)*X3(7)*X1(9)+2*X2(8)*X3(8)*X1(9)+2*X1(7)*X2(9)*X3(7);
    C(15) = -2*X2(9)*X3(9)*X1(8)-2*X2(7)*X3(7)*X1(8)+2*X2(8)*X3(9)*X1(9)-2*X1(7)*X2(8)*X3(7);
    C(20) = -2*X2(10)*X3(11)*X1(11)+2*X2(10)*X3(12)*X1(12)-2*X1(10)*X2(11)*X3(11)+2*X1(10)*X2(12)*X3(12);
    C(48) = -2*X2(11)*X3(11)*X1(12)+2*X2(12)*X3(11)*X1(11)+2*X1(10)*X2(12)*X3(10)+2*X2(10)*X3(10)*X1(12);
    C(8) = 2*X2(11)*X3(11)*X1(12)-2*X2(12)*X3(11)*X1(11)+2*X1(10)*X2(12)*X3(10)+2*X2(10)*X3(10)*X1(12);
    C(16) = 2*X2(11)*X3(12)*X1(12)-2*X2(12)*X3(12)*X1(11)-2*X1(10)*X2(11)*X3(10)-2*X2(10)*X3(10)*X1(11);
    C(36) = 2*X2(11)*X3(12)*X1(12)-2*X2(12)*X3(12)*X1(11)+2*X1(10)*X2(11)*X3(10)+2*X2(10)*X3(10)*X1(11);
    C(22) = -X1(4)*X2(5)*X3(6)-X1(4)*X2(6)*X3(5)-X2(4)*X3(5)*X1(6)-X2(4)*X3(6)*X1(5)-X2(5)*X3(4)*X1(6)+X2(6)*X3(4)*X1(5);
    C(62) = -X1(4)*X2(5)*X3(6)+X1(4)*X2(6)*X3(5)+X2(4)*X3(5)*X1(6)-X2(4)*X3(6)*X1(5)+X2(5)*X3(4)*X1(6)-X2(6)*X3(4)*X1(5);
    C(2) = X1(4)*X2(5)*X3(6)-X1(4)*X2(6)*X3(5)-X2(4)*X3(5)*X1(6)+X2(4)*X3(6)*X1(5)+X2(5)*X3(4)*X1(6)-X2(6)*X3(4)*X1(5);
    C(10) = X1(4)*X2(5)*X3(6)+X1(4)*X2(6)*X3(5)+X2(4)*X3(5)*X1(6)+X2(4)*X3(6)*X1(5)-X2(5)*X3(4)*X1(6)+X2(6)*X3(4)*X1(5);
    C(24) = -X1(10)*X2(12)*X3(11)-X2(10)*X3(11)*X1(12)-X2(10)*X3(12)*X1(11)-X2(11)*X3(10)*X1(12)+X2(12)*X3(10)*X1(11)-X1(10)*X2(11)*X3(12);
    C(4) = -X1(10)*X2(12)*X3(11)-X2(10)*X3(11)*X1(12)+X2(10)*X3(12)*X1(11)+X2(11)*X3(10)*X1(12)-X2(12)*X3(10)*X1(11)+X1(10)*X2(11)*X3(12);
    C(12) = X1(10)*X2(12)*X3(11)+X2(10)*X3(11)*X1(12)+X2(10)*X3(12)*X1(11)-X2(11)*X3(10)*X1(12)+X2(12)*X3(10)*X1(11)+X1(10)*X2(11)*X3(12);
    C(63) = -X2(7)*X3(9)*X1(8)+X2(8)*X3(7)*X1(9)-X2(9)*X3(7)*X1(8)-X1(7)*X2(8)*X3(9)+X1(7)*X2(9)*X3(8)+X2(7)*X3(8)*X1(9);
    C(3) = -X2(9)*X3(7)*X1(8)+X1(7)*X2(8)*X3(9)-X1(7)*X2(9)*X3(8)-X2(7)*X3(8)*X1(9)+X2(7)*X3(9)*X1(8)+X2(8)*X3(7)*X1(9);
    C(23) = X2(9)*X3(7)*X1(8)-X1(7)*X2(8)*X3(9)-X1(7)*X2(9)*X3(8)-X2(7)*X3(8)*X1(9)-X2(7)*X3(9)*X1(8)-X2(8)*X3(7)*X1(9);
    C(11) = X2(9)*X3(7)*X1(8)+X1(7)*X2(8)*X3(9)+X1(7)*X2(9)*X3(8)+X2(7)*X3(8)*X1(9)+X2(7)*X3(9)*X1(8)-X2(8)*X3(7)*X1(9);
    C(64) = -X2(10)*X3(12)*X1(11)+X2(11)*X3(10)*X1(12)-X2(12)*X3(10)*X1(11)-X1(10)*X2(11)*X3(12)+X1(10)*X2(12)*X3(11)+X2(10)*X3(11)*X1(12);
    C(86) = -4*X1(4)*X2(5)*X3(4)-4*X2(5)*X3(5)*X1(5)-4*X2(6)*X3(5)*X1(6)+89/125*X1(4)*X2(4)*X3(4)+89/125*X2(4)*X3(5)*X1(5)-89/125*X2(6)*X3(4)*X1(6)+68/25*X2(4)*X3(5)*X1(6)+68/25*X2(5)*X3(4)*X1(6);
    C(38) = -4*X1(4)*X2(5)*X3(4)+4*X2(5)*X3(5)*X1(5)+4*X2(6)*X3(5)*X1(6)+89/125*X1(4)*X2(4)*X3(4)-89/125*X2(4)*X3(5)*X1(5)-89/125*X2(6)*X3(4)*X1(6)-68/25*X2(4)*X3(5)*X1(6)+68/25*X2(5)*X3(4)*X1(6);
    C(54) = -4*X1(4)*X2(5)*X3(6)-4*X1(4)*X2(6)*X3(5)+89/125*X1(4)*X2(4)*X3(6)+89/125*X2(6)*X3(5)*X1(5)-89/125*X2(6)*X3(6)*X1(6)+68/25*X1(4)*X2(4)*X3(5)-68/25*X2(5)*X3(5)*X1(5)+68/25*X2(5)*X3(6)*X1(6);
    C(66) = 4*X1(4)*X2(5)*X3(6)-4*X1(4)*X2(6)*X3(5)-89/125*X1(4)*X2(4)*X3(6)+89/125*X2(6)*X3(5)*X1(5)+89/125*X2(6)*X3(6)*X1(6)-68/25*X2(5)*X3(5)*X1(5)-68/25*X2(5)*X3(6)*X1(6)+68/25*X1(4)*X2(4)*X3(5);
    C(50) = -4*X1(4)*X2(6)*X3(4)+4*X2(5)*X3(6)*X1(5)+4*X2(6)*X3(6)*X1(6)-89/125*X2(4)*X3(6)*X1(5)+89/125*X2(6)*X3(4)*X1(5)+68/25*X1(4)*X2(4)*X3(4)-68/25*X2(4)*X3(6)*X1(6)-68/25*X2(5)*X3(4)*X1(5);
    C(74) = 4*X1(4)*X2(6)*X3(4)+4*X2(5)*X3(6)*X1(5)+4*X2(6)*X3(6)*X1(6)-89/125*X2(4)*X3(6)*X1(5)-89/125*X2(6)*X3(4)*X1(5)-68/25*X2(4)*X3(6)*X1(6)+68/25*X2(5)*X3(4)*X1(5)-68/25*X1(4)*X2(4)*X3(4);
    C(40) = 89/125*X1(10)*X2(10)*X3(10)-89/125*X2(10)*X3(11)*X1(11)-89/125*X2(12)*X3(10)*X1(12)-68/25*X2(10)*X3(11)*X1(12)+68/25*X2(11)*X3(10)*X1(12)+4*X2(12)*X3(11)*X1(12)-4*X1(10)*X2(11)*X3(10)+4*X2(11)*X3(11)*X1(11);
    C(56) = 89/125*X1(10)*X2(10)*X3(12)+89/125*X2(12)*X3(11)*X1(11)-89/125*X2(12)*X3(12)*X1(12)+68/25*X1(10)*X2(10)*X3(11)-68/25*X2(11)*X3(11)*X1(11)+68/25*X2(11)*X3(12)*X1(12)-4*X1(10)*X2(11)*X3(12)-4*X1(10)*X2(12)*X3(11);
    C(75) = -89/125*X2(9)*X3(7)*X1(8)-89/125*X2(7)*X3(9)*X1(8)-68/25*X2(7)*X3(9)*X1(9)+68/25*X2(8)*X3(7)*X1(8)-68/25*X1(7)*X2(7)*X3(7)+4*X1(7)*X2(9)*X3(7)+4*X2(8)*X3(9)*X1(8)+4*X2(9)*X3(9)*X1(9);
    C(51) = 89/125*X2(9)*X3(7)*X1(8)-89/125*X2(7)*X3(9)*X1(8)+68/25*X1(7)*X2(7)*X3(7)-68/25*X2(7)*X3(9)*X1(9)-68/25*X2(8)*X3(7)*X1(8)+4*X2(8)*X3(9)*X1(8)+4*X2(9)*X3(9)*X1(9)-4*X1(7)*X2(9)*X3(7);
    C(39) = -89/125*X2(9)*X3(7)*X1(9)+89/125*X1(7)*X2(7)*X3(7)-89/125*X2(7)*X3(8)*X1(8)-68/25*X2(7)*X3(8)*X1(9)+68/25*X2(8)*X3(7)*X1(9)+4*X2(8)*X3(8)*X1(8)+4*X2(9)*X3(8)*X1(9)-4*X1(7)*X2(8)*X3(7);
    C(87) = -89/125*X2(9)*X3(7)*X1(9)+89/125*X1(7)*X2(7)*X3(7)+89/125*X2(7)*X3(8)*X1(8)+68/25*X2(7)*X3(8)*X1(9)+68/25*X2(8)*X3(7)*X1(9)-4*X2(8)*X3(8)*X1(8)-4*X2(9)*X3(8)*X1(9)-4*X1(7)*X2(8)*X3(7);
    C(55) = 89/125*X2(9)*X3(8)*X1(8)-89/125*X2(9)*X3(9)*X1(9)+89/125*X1(7)*X2(7)*X3(9)+68/25*X2(8)*X3(9)*X1(9)+68/25*X1(7)*X2(7)*X3(8)-68/25*X2(8)*X3(8)*X1(8)-4*X1(7)*X2(8)*X3(9)-4*X1(7)*X2(9)*X3(8);
    C(67) = 89/125*X2(9)*X3(8)*X1(8)+89/125*X2(9)*X3(9)*X1(9)-89/125*X1(7)*X2(7)*X3(9)+68/25*X1(7)*X2(7)*X3(8)-68/25*X2(8)*X3(8)*X1(8)-68/25*X2(8)*X3(9)*X1(9)+4*X1(7)*X2(8)*X3(9)-4*X1(7)*X2(9)*X3(8);
    C(76) = -89/125*X2(10)*X3(12)*X1(11)-89/125*X2(12)*X3(10)*X1(11)-68/25*X1(10)*X2(10)*X3(10)-68/25*X2(10)*X3(12)*X1(12)+68/25*X2(11)*X3(10)*X1(11)+4*X2(11)*X3(12)*X1(11)+4*X2(12)*X3(12)*X1(12)+4*X1(10)*X2(12)*X3(10);
    C(52) = -89/125*X2(10)*X3(12)*X1(11)+89/125*X2(12)*X3(10)*X1(11)+68/25*X1(10)*X2(10)*X3(10)-68/25*X2(10)*X3(12)*X1(12)-68/25*X2(11)*X3(10)*X1(11)+4*X2(12)*X3(12)*X1(12)-4*X1(10)*X2(12)*X3(10)+4*X2(11)*X3(12)*X1(11);
    C(88) = -89/125*X2(12)*X3(10)*X1(12)+89/125*X1(10)*X2(10)*X3(10)+89/125*X2(10)*X3(11)*X1(11)+68/25*X2(10)*X3(11)*X1(12)+68/25*X2(11)*X3(10)*X1(12)-4*X2(11)*X3(11)*X1(11)-4*X2(12)*X3(11)*X1(12)-4*X1(10)*X2(11)*X3(10);
    C(68) = 89/125*X2(12)*X3(11)*X1(11)+89/125*X2(12)*X3(12)*X1(12)-89/125*X1(10)*X2(10)*X3(12)+68/25*X1(10)*X2(10)*X3(11)-68/25*X2(11)*X3(11)*X1(11)-68/25*X2(11)*X3(12)*X1(12)+4*X1(10)*X2(11)*X3(12)-4*X1(10)*X2(12)*X3(11);
    C(110) = -357679/125000*X1(4)*X2(5)*X3(4)+126479/125000*X2(4)*X3(4)*X1(5)-357679/125000*X2(5)*X3(6)*X1(6)+142321/125000*X2(6)*X3(6)*X1(5)+89/125*X1(4)*X2(4)*X3(4)+89/125*X2(4)*X3(6)*X1(6)+89/125*X2(5)*X3(4)*X1(5)-1513/3125*X2(5)*X3(6)*X1(5)+1513/3125*X2(6)*X3(6)*X1(6)+1513/3125*X1(4)*X2(6)*X3(4)-68/25*X2(4)*X3(6)*X1(5)+68/25*X2(6)*X3(4)*X1(5);
    C(90) = 357679/125000*X1(4)*X2(5)*X3(4)-126479/125000*X2(4)*X3(4)*X1(5)-357679/125000*X2(5)*X3(6)*X1(6)+142321/125000*X2(6)*X3(6)*X1(5)-1513/3125*X1(4)*X2(6)*X3(4)-1513/3125*X2(5)*X3(6)*X1(5)+1513/3125*X2(6)*X3(6)*X1(6)-89/125*X1(4)*X2(4)*X3(4)+89/125*X2(4)*X3(6)*X1(6)-89/125*X2(5)*X3(4)*X1(5)-68/25*X2(4)*X3(6)*X1(5)-68/25*X2(6)*X3(4)*X1(5);
