% Input: coefficient matrix C of size 4x52

% Monomial vector: [z^2*w^2*x, y*z^2*w^2, y*x*z^2*w, y^2*z^2*w, x*y^2*z^2, y^3*z^2, z*w^2*x, z*w*x^2, y*z*w^2, z*w*x*y, x^2*z*y, z*w*y^2, x*z*y^2, z*y^3, z^2*w^2, x*z^2*w, z^2*w*y, y*x*z^2, z^2*y^2, x*w^2, x^2*w, x^3, y*w^2, w*x*y, y*x^2, y^2*w, x*y^2, y^3, z*w^2, x*z*w, z*x^2, z*w*y, z*y*x, z*y^2, z^2*w, x*z^2, y*z^2, w^2, w*x, x^2, y*w, x*y, y^2, z*w, x*z, y*z, z^2, w, x, y, z, 1]

function [w, x, y, z] = nstd_76x100_colpiv_rdist9p(C)

    i_dx = [1, 1, 1, 1, 1, 1, 1, 1, 1, 1, 1, 1, 2, 2, 2, 2, 2, 2, 2, 2, 2, 2, 2, 2, 3, 3, 3, 3, 3, 3, 3, 3, 3, 3, 3, 3, 4, 4, 4, 4, 4, 4, 4, 4, 4, 4, 4, 4, 5, 5, 5, 5, 5, 5, 5, 5, 5, 5, 5, 5, 6, 6, 6, 6, 6, 6, 6, 6, 6, 6, 6, 6, 7, 7, 7, 7, 7, 7, 7, 7, 7, 7, 7, 7, 8, 8, 8, 8, 8, 8, 8, 8, 8, 8, 8, 8, 9, 9, 9, 9, 9, 9, 9, 9, 9, 9, 9, 9, 10, 10, 10, 10, 10, 10, 10, 10, 10, 10, 10, 10, 11, 11, 11, 11, 11, 11, 11, 11, 11, 11, 11, 11, 12, 12, 12, 12, 12, 12, 12, 12, 12, 12, 12, 13, 13, 13, 13, 13, 13, 13, 13, 13, 13, 13, 13, 14, 14, 14, 14, 14, 14, 14, 14, 14, 14, 14, 15, 15, 15, 15, 15, 15, 15, 15, 15, 15, 15, 15, 16, 16, 16, 16, 16, 16, 16, 16, 16, 16, 16, 16, 17, 17, 17, 17, 17, 17, 17, 17, 17, 17, 17, 17, 18, 18, 18, 18, 18, 18, 18, 18, 18, 18, 18, 18, 19, 19, 19, 19, 19, 19, 19, 19, 19, 19, 19, 19, 20, 20, 20, 20, 20, 20, 20, 20, 20, 20, 20, 20, 21, 21, 21, 21, 21, 21, 21, 21, 21, 21, 21, 21, 22, 22, 22, 22, 22, 22, 22, 22, 22, 22, 22, 22, 23, 23, 23, 23, 23, 23, 23, 23, 23, 23, 23, 23, 24, 24, 24, 24, 24, 24, 24, 24, 24, 24, 24, 24, 25, 25, 25, 25, 25, 25, 25, 25, 25, 25, 25, 25, 26, 26, 26, 26, 26, 26, 26, 26, 26, 26, 26, 26, 27, 27, 27, 27, 27, 27, 27, 27, 27, 27, 27, 27, 28, 28, 28, 28, 28, 28, 28, 28, 28, 28, 28, 28, 29, 29, 29, 29, 29, 29, 29, 29, 29, 29, 29, 29, 30, 30, 30, 30, 30, 30, 30, 30, 30, 30, 30, 30, 31, 31, 31, 31, 31, 31, 31, 31, 31, 31, 31, 31, 32, 32, 32, 32, 32, 32, 32, 32, 32, 32, 32, 32, 33, 33, 33, 33, 33, 33, 33, 33, 33, 33, 33, 33, 34, 34, 34, 34, 34, 34, 34, 34, 34, 34, 34, 34, 35, 35, 35, 35, 35, 35, 35, 35, 35, 35, 35, 35, 36, 36, 36, 36, 36, 36, 36, 36, 36, 36, 36, 36, 37, 37, 37, 37, 37, 37, 37, 37, 37, 37, 37, 37, 38, 38, 38, 38, 38, 38, 38, 38, 38, 38, 38, 39, 39, 39, 39, 39, 39, 39, 39, 39, 39, 39, 39, 40, 40, 40, 40, 40, 40, 40, 40, 40, 40, 40, 41, 41, 41, 41, 41, 41, 41, 41, 41, 41, 41, 41, 42, 42, 42, 42, 42, 42, 42, 42, 42, 42, 42, 42, 43, 43, 43, 43, 43, 43, 43, 43, 43, 43, 43, 43, 44, 44, 44, 44, 44, 44, 44, 44, 44, 44, 44, 44, 45, 45, 45, 45, 45, 45, 45, 45, 45, 45, 45, 45, 46, 46, 46, 46, 46, 46, 46, 46, 46, 46, 46, 46, 47, 47, 47, 47, 47, 47, 47, 47, 47, 47, 47, 47, 48, 48, 48, 48, 48, 48, 48, 48, 48, 48, 48, 48, 49, 49, 49, 49, 49, 49, 49, 49, 49, 49, 49, 49, 50, 50, 50, 50, 50, 50, 50, 50, 50, 50, 50, 50, 51, 51, 51, 51, 51, 51, 51, 51, 51, 51, 51, 51, 52, 52, 52, 52, 52, 52, 52, 52, 53, 53, 53, 53, 53, 53, 53, 53, 54, 54, 54, 54, 54, 54, 54, 54, 55, 55, 55, 55, 55, 55, 55, 55, 56, 56, 56, 56, 56, 56, 56, 56, 57, 57, 57, 57, 57, 57, 57, 57, 58, 58, 58, 58, 58, 58, 58, 58, 59, 59, 59, 59, 59, 59, 59, 59, 60, 60, 60, 60, 60, 60, 60, 60, 61, 61, 61, 61, 61, 61, 61, 61, 62, 62, 62, 62, 62, 62, 62, 62, 63, 63, 63, 63, 63, 63, 63, 63, 64, 64, 64, 64, 64, 64, 64, 64, 65, 65, 65, 65, 65, 66, 66, 66, 66, 66, 66, 66, 67, 67, 67, 67, 67, 67, 67, 67, 68, 68, 68, 68, 68, 68, 68, 69, 69, 69, 69, 69, 69, 69, 69, 70, 70, 70, 70, 70, 70, 70, 70, 71, 71, 71, 71, 71, 71, 71, 71, 72, 72, 72, 72, 72, 72, 72, 72, 73, 73, 73, 73, 73, 73, 73, 73, 74, 74, 74, 74, 74, 74, 74, 74, 74, 74, 74, 74, 74, 74, 74, 74, 74, 74, 74, 74, 74, 74, 74, 74, 74, 74, 74, 74, 74, 74, 74, 74, 74, 74, 74, 74, 74, 74, 74, 74, 74, 74, 74, 74, 74, 74, 74, 74, 75, 75, 75, 75, 75, 75, 75, 75, 75, 75, 75, 75, 75, 75, 75, 75, 75, 75, 75, 75, 75, 75, 75, 75, 75, 75, 75, 75, 75, 75, 75, 75, 75, 75, 75, 75, 75, 75, 75, 75, 75, 75, 75, 75, 75, 75, 75, 75, 75, 75, 75, 75, 76, 76, 76, 76, 76, 76, 76, 76, 76, 76, 76, 76, 76, 76, 76, 76, 76, 76, 76, 76, 76, 76, 76, 76, 76, 76, 76, 76, 76, 76, 76, 76, 76, 76, 76, 76, 76, 76, 76, 76, 76, 76, 76, 76, 76, 76, 76, 76, 76, 76, 76, 76];
    j_dx = [82, 84, 87, 88, 90, 93, 95, 96, 97, 98, 99, 100, 40, 42, 46, 48, 49, 82, 83, 84, 93, 94, 95, 99, 67, 69, 74, 75, 77, 83, 85, 88, 89, 91, 94, 97, 68, 70, 76, 77, 79, 84, 86, 90, 91, 92, 95, 98, 66, 68, 73, 74, 76, 82, 84, 87, 88, 90, 93, 96, 22, 24, 31, 33, 40, 50, 51, 52, 66, 67, 68, 82, 51, 53, 58, 59, 61, 67, 69, 74, 75, 77, 83, 88, 52, 54, 60, 61, 63, 68, 70, 76, 77, 79, 84, 90, 31, 33, 40, 42, 46, 66, 67, 68, 82, 83, 84, 93, 33, 35, 42, 44, 48, 68, 69, 70, 84, 85, 86, 95, 32, 34, 38, 41, 43, 45, 47, 67, 69, 83, 85, 94, 8, 11, 16, 19, 20, 29, 30, 38, 59, 62, 75, 53, 55, 61, 62, 64, 69, 71, 77, 78, 80, 85, 91, 9, 12, 17, 18, 52, 54, 60, 61, 63, 68, 76, 7, 10, 15, 16, 18, 51, 53, 58, 59, 61, 67, 74, 26, 28, 35, 37, 44, 54, 55, 56, 70, 71, 72, 86, 3, 5, 10, 11, 13, 25, 27, 30, 34, 53, 55, 69, 23, 25, 29, 32, 34, 38, 41, 51, 53, 67, 69, 83, 2, 4, 9, 10, 12, 24, 26, 33, 52, 53, 54, 68, 4, 6, 12, 13, 14, 26, 28, 35, 54, 55, 56, 70, 24, 26, 33, 35, 42, 52, 53, 54, 68, 69, 70, 84, 25, 27, 30, 34, 36, 39, 43, 53, 55, 69, 71, 85, 1, 3, 7, 8, 10, 23, 25, 29, 32, 51, 53, 67, 50, 52, 57, 58, 60, 66, 68, 73, 74, 76, 82, 87, 20, 21, 29, 30, 38, 39, 45, 59, 62, 75, 78, 89, 54, 56, 63, 64, 65, 70, 72, 79, 80, 81, 86, 92, 82, 84, 87, 88, 90, 93, 95, 96, 97, 98, 99, 100, 40, 42, 46, 48, 49, 82, 83, 84, 93, 94, 95, 99, 67, 69, 74, 75, 77, 83, 85, 88, 89, 91, 94, 97, 68, 70, 76, 77, 79, 84, 86, 90, 91, 92, 95, 98, 66, 68, 73, 74, 76, 82, 84, 87, 88, 90, 93, 96, 22, 24, 31, 33, 40, 50, 51, 52, 66, 67, 68, 82, 51, 53, 58, 59, 61, 67, 69, 74, 75, 77, 83, 88, 52, 54, 60, 61, 63, 68, 70, 76, 77, 79, 84, 90, 31, 33, 40, 42, 46, 66, 67, 68, 82, 83, 84, 93, 33, 35, 42, 44, 48, 68, 69, 70, 84, 85, 86, 95, 32, 34, 38, 41, 43, 45, 47, 67, 69, 83, 85, 94, 8, 11, 16, 19, 20, 29, 30, 38, 59, 62, 75, 53, 55, 61, 62, 64, 69, 71, 77, 78, 80, 85, 91, 9, 12, 17, 18, 52, 54, 60, 61, 63, 68, 76, 7, 10, 15, 16, 18, 51, 53, 58, 59, 61, 67, 74, 26, 28, 35, 37, 44, 54, 55, 56, 70, 71, 72, 86, 3, 5, 10, 11, 13, 25, 27, 30, 34, 53, 55, 69, 23, 25, 29, 32, 34, 38, 41, 51, 53, 67, 69, 83, 2, 4, 9, 10, 12, 24, 26, 33, 52, 53, 54, 68, 4, 6, 12, 13, 14, 26, 28, 35, 54, 55, 56, 70, 24, 26, 33, 35, 42, 52, 53, 54, 68, 69, 70, 84, 25, 27, 30, 34, 36, 39, 43, 53, 55, 69, 71, 85, 1, 3, 7, 8, 10, 23, 25, 29, 32, 51, 53, 67, 20, 21, 29, 30, 38, 39, 45, 59, 62, 75, 78, 89, 54, 56, 63, 64, 65, 70, 72, 79, 80, 81, 86, 92, 93, 94, 95, 96, 97, 98, 99, 100, 46, 47, 48, 49, 93, 94, 95, 99, 45, 83, 85, 88, 89, 91, 94, 97, 84, 85, 86, 90, 91, 92, 95, 98, 82, 83, 84, 87, 88, 90, 93, 96, 31, 32, 33, 40, 66, 67, 68, 82, 68, 69, 70, 76, 77, 79, 84, 90, 40, 41, 42, 46, 82, 83, 84, 93, 42, 43, 44, 48, 84, 85, 86, 95, 39, 69, 71, 77, 78, 80, 85, 91, 52, 53, 54, 60, 61, 63, 68, 76, 35, 36, 37, 44, 70, 71, 72, 86, 54, 55, 56, 63, 64, 65, 70, 79, 12, 13, 14, 54, 63, 9, 10, 12, 17, 18, 52, 60, 4, 5, 6, 12, 13, 14, 26, 54, 10, 11, 13, 18, 19, 53, 61, 2, 3, 4, 9, 10, 12, 24, 52, 24, 25, 26, 33, 52, 53, 54, 68, 26, 27, 28, 35, 54, 55, 56, 70, 33, 34, 35, 42, 68, 69, 70, 84, 50, 51, 52, 57, 58, 60, 66, 73, 1, 2, 3, 4, 5, 6, 7, 8, 9, 10, 11, 12, 13, 14, 15, 16, 17, 18, 19, 22, 23, 24, 25, 26, 29, 31, 32, 33, 40, 50, 51, 52, 53, 54, 57, 58, 59, 60, 61, 63, 66, 67, 68, 73, 74, 76, 82, 87, 20, 23, 24, 25, 26, 27, 28, 29, 30, 31, 32, 33, 34, 35, 38, 40, 41, 42, 46, 51, 52, 53, 54, 55, 56, 58, 59, 60, 61, 62, 63, 64, 65, 66, 67, 68, 69, 70, 73, 74, 75, 76, 77, 79, 82, 83, 84, 87, 88, 90, 93, 96, 21, 32, 33, 34, 35, 36, 37, 38, 39, 40, 41, 42, 43, 44, 45, 46, 47, 48, 49, 67, 68, 69, 70, 71, 72, 74, 75, 76, 77, 78, 79, 80, 81, 82, 83, 84, 85, 86, 87, 88, 89, 90, 91, 92, 93, 94, 95, 96, 97, 98, 99, 100];
