function C = coefs_l2_3view_triang(E12,E23,u)

C = zeros(8,25);

C(81) = E12(1,1);
C(89) = E12(1,2);
C(129) = 2;
C(177) = E12(1,3);
C(193) = -2 * u(1,1);
C(82) = E12(2,1);
C(90) = E12(2,2);
C(138) = 2;
C(178) = E12(2,3);
C(194) = -2 * u(2,1);
C(67) = E12(1,1);
C(75) = E12(2,1);
C(115) = E23(1,1);
C(123) = E23(1,2);
C(147) = 2;
C(179) = E12(3,1);
C(187) = E23(1,3);
C(195) = -2 * u(1,2);
C(68) = E12(1,2);
C(76) = E12(2,2);
C(116) = E23(2,1);
C(124) = E23(2,2);
C(156) = 2;
C(180) = E12(3,2);
C(188) = E23(2,3);
C(196) = -2 * u(2,2);
C(101) = E23(1,1);
C(109) = E23(2,1);
C(165) = 2;
C(189) = E23(3,1);
C(197) = -2 * u(1,3);
C(102) = E23(1,2);
C(110) = E23(2,2);
C(174) = 2;
C(190) = E23(3,2);
C(198) = -2 * u(2,3);
C(7) = E12(1,1);
C(15) = E12(2,1);
C(23) = E12(1,2);
C(31) = E12(2,2);
C(135) = E12(1,3);
C(143) = E12(2,3);
C(151) = E12(3,1);
C(159) = E12(3,2);
C(199) = E12(3,3);
C(40) = E23(1,1);
C(48) = E23(2,1);
C(56) = E23(1,2);
C(64) = E23(2,2);
C(152) = E23(1,3);
C(160) = E23(2,3);
C(168) = E23(3,1);
C(176) = E23(3,2);
C(200) = E23(3,3);

end