% Input: coefficient matrix C of size 6x16
% Output: solution matrix S of size 6x26

function S = red_66x92_colpiv_r6p(C)

    ix = [1,1,1,1,1,1,1,1,1,1,1,1,1,1,1,1,2,2,2,2,2,2,2,2,2,2,2,2,2,2,2,2,3,3,3,3,3,3,3,3,3,3,3,3,3,3,3,3,4,4,4,4,4,4,4,4,4,4,4,4,4,4,4,4,5,5,5,5,5,5,5,5,5,5,5,5,5,5,5,5,6,6,6,6,6,6,6,6,6,6,6,6,6,6,6,6,7,7,7,7,7,7,7,7,7,7,7,7,7,7,7,7,8,8,8,8,8,8,8,8,8,8,8,8,8,8,8,8,9,9,9,9,9,9,9,9,9,9,9,9,9,9,9,9,10,10,10,10,10,10,10,10,10,10,10,10,10,10,10,10,11,11,11,11,11,11,11,11,11,11,11,11,11,11,11,11,12,12,12,12,12,12,12,12,12,12,12,12,12,12,12,12,13,13,13,13,13,13,13,13,13,13,13,13,13,13,13,13,14,14,14,14,14,14,14,14,14,14,14,14,14,14,14,14,15,15,15,15,15,15,15,15,15,15,15,15,15,15,15,15,16,16,16,16,16,16,16,16,16,16,16,16,16,16,16,16,17,17,17,17,17,17,17,17,17,17,17,17,17,17,17,17,18,18,18,18,18,18,18,18,18,18,18,18,18,18,18,18,19,19,19,19,19,19,19,19,19,19,19,19,19,19,19,19,20,20,20,20,20,20,20,20,20,20,20,20,20,20,20,20,21,21,21,21,21,21,21,21,21,21,21,21,21,21,21,21,22,22,22,22,22,22,22,22,22,22,22,22,22,22,22,22,23,23,23,23,23,23,23,23,23,23,23,23,23,23,23,23,24,24,24,24,24,24,24,24,24,24,24,24,24,24,24,24,25,25,25,25,25,25,25,25,25,25,25,25,25,25,25,25,26,26,26,26,26,26,26,26,26,26,26,26,26,26,26,26,27,27,27,27,27,27,27,27,27,27,27,27,27,27,27,27,28,28,28,28,28,28,28,28,28,28,28,28,28,28,28,28,29,29,29,29,29,29,29,29,29,29,29,29,29,29,29,29,30,30,30,30,30,30,30,30,30,30,30,30,30,30,30,30,31,31,31,31,31,31,31,31,31,31,31,31,31,31,31,31,32,32,32,32,32,32,32,32,32,32,32,32,32,32,32,32,33,33,33,33,33,33,33,33,33,33,33,33,33,33,33,33,34,34,34,34,34,34,34,34,34,34,34,34,34,34,34,34,35,35,35,35,35,35,35,35,35,35,35,35,35,35,35,35,36,36,36,36,36,36,36,36,36,36,36,36,36,36,36,36,37,37,37,37,37,37,37,37,37,37,37,37,37,37,37,37,38,38,38,38,38,38,38,38,38,38,38,38,38,38,38,38,39,39,39,39,39,39,39,39,39,39,39,39,39,39,39,39,40,40,40,40,40,40,40,40,40,40,40,40,40,40,40,40,41,41,41,41,41,41,41,41,41,41,41,41,41,41,41,41,42,42,42,42,42,42,42,42,42,42,42,42,42,42,42,42,43,43,43,43,43,43,43,43,43,43,43,43,43,43,43,43,44,44,44,44,44,44,44,44,44,44,44,44,44,44,44,44,45,45,45,45,45,45,45,45,45,45,45,45,45,45,45,45,46,46,46,46,46,46,46,46,46,46,46,46,46,46,46,46,47,47,47,47,47,47,47,47,47,47,47,47,47,47,47,47,48,48,48,48,48,48,48,48,48,48,48,48,48,48,48,48,49,49,49,49,49,49,49,49,49,49,49,49,49,49,49,49,50,50,50,50,50,50,50,50,50,50,50,50,50,50,50,50,51,51,51,51,51,51,51,51,51,51,51,51,51,51,51,51,52,52,52,52,52,52,52,52,52,52,52,52,52,52,52,52,53,53,53,53,53,53,53,53,53,53,53,53,53,53,53,53,54,54,54,54,54,54,54,54,54,54,54,54,54,54,54,54,55,55,55,55,55,55,55,55,55,55,55,55,55,55,55,55,56,56,56,56,56,56,56,56,56,56,56,56,56,56,56,56,57,57,57,57,57,57,57,57,57,57,57,57,57,57,57,57,58,58,58,58,58,58,58,58,58,58,58,58,58,58,58,58,59,59,59,59,59,59,59,59,59,59,59,59,59,59,59,59,60,60,60,60,60,60,60,60,60,60,60,60,60,60,60,60,61,61,61,61,61,61,61,61,61,61,61,61,61,61,61,61,62,62,62,62,62,62,62,62,62,62,62,62,62,62,62,62,63,63,63,63,63,63,63,63,63,63,63,63,63,63,63,63,64,64,64,64,64,64,64,64,64,64,64,64,64,64,64,64,65,65,65,65,65,65,65,65,65,65,65,65,65,65,65,65,66,66,66,66,66,66,66,66,66,66,66,66,66,66,66,66];
    jx = [1,2,3,4,9,10,21,22,33,34,37,45,61,62,65,74,3,4,5,6,11,12,23,24,34,35,38,48,62,63,66,78,5,6,7,8,13,14,25,26,35,36,39,49,63,64,67,79,9,10,11,12,15,16,27,28,37,38,40,52,65,66,68,83,11,12,13,14,17,18,29,30,38,39,41,53,66,67,69,84,15,16,17,18,19,20,31,32,40,41,42,54,68,69,70,85,71,72,73,75,76,77,80,81,82,86,87,88,89,90,91,92,21,22,23,24,27,28,43,44,45,48,52,57,74,78,83,89,23,24,25,26,29,30,46,47,48,49,53,58,78,79,84,90,27,28,29,30,31,32,50,51,52,53,54,59,83,84,85,91,43,44,46,47,50,51,55,56,57,58,59,60,89,90,91,92,1,2,3,4,9,10,21,22,33,34,37,45,61,62,65,74,3,4,5,6,11,12,23,24,34,35,38,48,62,63,66,78,5,6,7,8,13,14,25,26,35,36,39,49,63,64,67,79,9,10,11,12,15,16,27,28,37,38,40,52,65,66,68,83,11,12,13,14,17,18,29,30,38,39,41,53,66,67,69,84,15,16,17,18,19,20,31,32,40,41,42,54,68,69,70,85,71,72,73,75,76,77,80,81,82,86,87,88,89,90,91,92,21,22,23,24,27,28,43,44,45,48,52,57,74,78,83,89,23,24,25,26,29,30,46,47,48,49,53,58,78,79,84,90,27,28,29,30,31,32,50,51,52,53,54,59,83,84,85,91,43,44,46,47,50,51,55,56,57,58,59,60,89,90,91,92,1,2,3,4,9,10,21,22,33,34,37,45,61,62,65,74,3,4,5,6,11,12,23,24,34,35,38,48,62,63,66,78,5,6,7,8,13,14,25,26,35,36,39,49,63,64,67,79,9,10,11,12,15,16,27,28,37,38,40,52,65,66,68,83,11,12,13,14,17,18,29,30,38,39,41,53,66,67,69,84,15,16,17,18,19,20,31,32,40,41,42,54,68,69,70,85,71,72,73,75,76,77,80,81,82,86,87,88,89,90,91,92,21,22,23,24,27,28,43,44,45,48,52,57,74,78,83,89,23,24,25,26,29,30,46,47,48,49,53,58,78,79,84,90,27,28,29,30,31,32,50,51,52,53,54,59,83,84,85,91,43,44,46,47,50,51,55,56,57,58,59,60,89,90,91,92,1,2,3,4,9,10,21,22,33,34,37,45,61,62,65,74,3,4,5,6,11,12,23,24,34,35,38,48,62,63,66,78,5,6,7,8,13,14,25,26,35,36,39,49,63,64,67,79,9,10,11,12,15,16,27,28,37,38,40,52,65,66,68,83,11,12,13,14,17,18,29,30,38,39,41,53,66,67,69,84,15,16,17,18,19,20,31,32,40,41,42,54,68,69,70,85,71,72,73,75,76,77,80,81,82,86,87,88,89,90,91,92,21,22,23,24,27,28,43,44,45,48,52,57,74,78,83,89,23,24,25,26,29,30,46,47,48,49,53,58,78,79,84,90,27,28,29,30,31,32,50,51,52,53,54,59,83,84,85,91,43,44,46,47,50,51,55,56,57,58,59,60,89,90,91,92,1,2,3,4,9,10,21,22,33,34,37,45,61,62,65,74,3,4,5,6,11,12,23,24,34,35,38,48,62,63,66,78,5,6,7,8,13,14,25,26,35,36,39,49,63,64,67,79,9,10,11,12,15,16,27,28,37,38,40,52,65,66,68,83,11,12,13,14,17,18,29,30,38,39,41,53,66,67,69,84,15,16,17,18,19,20,31,32,40,41,42,54,68,69,70,85,71,72,73,75,76,77,80,81,82,86,87,88,89,90,91,92,21,22,23,24,27,28,43,44,45,48,52,57,74,78,83,89,23,24,25,26,29,30,46,47,48,49,53,58,78,79,84,90,27,28,29,30,31,32,50,51,52,53,54,59,83,84,85,91,43,44,46,47,50,51,55,56,57,58,59,60,89,90,91,92,1,2,3,4,9,10,21,22,33,34,37,45,61,62,65,74,3,4,5,6,11,12,23,24,34,35,38,48,62,63,66,78,5,6,7,8,13,14,25,26,35,36,39,49,63,64,67,79,9,10,11,12,15,16,27,28,37,38,40,52,65,66,68,83,11,12,13,14,17,18,29,30,38,39,41,53,66,67,69,84,15,16,17,18,19,20,31,32,40,41,42,54,68,69,70,85,71,72,73,75,76,77,80,81,82,86,87,88,89,90,91,92,21,22,23,24,27,28,43,44,45,48,52,57,74,78,83,89,23,24,25,26,29,30,46,47,48,49,53,58,78,79,84,90,27,28,29,30,31,32,50,51,52,53,54,59,83,84,85,91,43,44,46,47,50,51,55,56,57,58,59,60,89,90,91,92];
