function [C,U,dU] = coefs_IOD(data)

    A1 = data{1};
    A2 = data{2};
    A3 = data{3};
    A4 = data{4};
    A5 = data{5};

    C = zeros(14,49);

    C(615) = -2;
    C([188,205,224,258,376,432,552,559,567,588,598,610,641]) = -1;
    C([6,21,36,51,62,80,95,110,139,147,168,190,195,231,260,265,290,333,348,402,445,608,625,656,685]) = 1;
    C(29) = -A1(1)^2*A1(6)^2-A1(2)^2*A1(5)^2+2*A1(1)*A1(2)*A1(5)*A1(6);
    C([1,57]) = -A1(1)^2*A1(7)^2-A1(3)^2*A1(5)^2+2*A1(1)*A1(3)*A1(5)*A1(7);
    C(547) = 2*A1(1)^2*A1(7)^2+2*A1(3)^2*A1(5)^2-4*A1(1)*A1(3)*A1(5)*A1(7);
    C(113) = -A1(1)^2*A1(8)^2-A1(4)^2*A1(5)^2+2*A1(1)*A1(4)*A1(5)*A1(8);
    C([183,253]) = -A1(2)^2*A1(7)^2-A1(3)^2*A1(6)^2+2*A1(2)*A1(3)*A1(6)*A1(7);
    C(603) = 2*A1(2)^2*A1(7)^2+2*A1(3)^2*A1(6)^2-4*A1(2)*A1(3)*A1(6)*A1(7);
    C(351) = -A1(2)^2*A1(8)^2-A1(4)^2*A1(6)^2+2*A1(2)*A1(4)*A1(6)*A1(8);
    C(463) = -A1(3)^2*A1(8)^2-A1(4)^2*A1(7)^2+2*A1(3)*A1(4)*A1(7)*A1(8);
    C(659) = 2*A1(3)^2*A1(8)^2+2*A1(4)^2*A1(7)^2-4*A1(3)*A1(4)*A1(7)*A1(8);
    C(30) = -A2(1)^2*A2(6)^2-A2(2)^2*A2(5)^2+2*A2(1)*A2(2)*A2(5)*A2(6);
    C([2,58]) = -A2(1)^2*A2(7)^2-A2(3)^2*A2(5)^2+2*A2(1)*A2(3)*A2(5)*A2(7);
    C(548) = 2*A2(1)^2*A2(7)^2+2*A2(3)^2*A2(5)^2-4*A2(1)*A2(3)*A2(5)*A2(7);
    C(114) = -A2(1)^2*A2(8)^2-A2(4)^2*A2(5)^2+2*A2(1)*A2(4)*A2(5)*A2(8);
    C([184,254]) = -A2(2)^2*A2(7)^2-A2(3)^2*A2(6)^2+2*A2(2)*A2(3)*A2(6)*A2(7);
    C(604) = 2*A2(2)^2*A2(7)^2+2*A2(3)^2*A2(6)^2-4*A2(2)*A2(3)*A2(6)*A2(7);
    C(352) = -A2(2)^2*A2(8)^2-A2(4)^2*A2(6)^2+2*A2(2)*A2(4)*A2(6)*A2(8);
    C(464) = -A2(3)^2*A2(8)^2-A2(4)^2*A2(7)^2+2*A2(3)*A2(4)*A2(7)*A2(8);
    C(660) = 2*A2(3)^2*A2(8)^2+2*A2(4)^2*A2(7)^2-4*A2(3)*A2(4)*A2(7)*A2(8);
    C(550) = 2*A4(1)^2*A4(7)^2+2*A4(3)^2*A4(5)^2-4*A4(1)*A4(3)*A4(5)*A4(7);
    C(116) = -A4(1)^2*A4(8)^2-A4(4)^2*A4(5)^2+2*A4(1)*A4(4)*A4(5)*A4(8);
    C(32) = -A4(2)^2*A4(5)^2-A4(1)^2*A4(6)^2+2*A4(1)*A4(2)*A4(5)*A4(6);
    C([186,256]) = -A4(2)^2*A4(7)^2-A4(3)^2*A4(6)^2+2*A4(2)*A4(3)*A4(6)*A4(7);
    C(606) = 2*A4(2)^2*A4(7)^2+2*A4(3)^2*A4(6)^2-4*A4(2)*A4(3)*A4(6)*A4(7);
    C(354) = -A4(2)^2*A4(8)^2-A4(4)^2*A4(6)^2+2*A4(2)*A4(4)*A4(6)*A4(8);
    C([4,60]) = -A4(3)^2*A4(5)^2-A4(1)^2*A4(7)^2+2*A4(1)*A4(3)*A4(5)*A4(7);
    C(466) = -A4(3)^2*A4(8)^2-A4(4)^2*A4(7)^2+2*A4(3)*A4(4)*A4(7)*A4(8);
    C(662) = 2*A4(3)^2*A4(8)^2+2*A4(4)^2*A4(7)^2-4*A4(3)*A4(4)*A4(7)*A4(8);
    C(33) = -A5(1)^2*A5(6)^2-A5(2)^2*A5(5)^2+2*A5(1)*A5(2)*A5(5)*A5(6);
    C([5,61]) = -A5(1)^2*A5(7)^2-A5(3)^2*A5(5)^2+2*A5(1)*A5(3)*A5(5)*A5(7);
    C(551) = 2*A5(1)^2*A5(7)^2+2*A5(3)^2*A5(5)^2-4*A5(1)*A5(3)*A5(5)*A5(7);
    C(117) = -A5(1)^2*A5(8)^2-A5(4)^2*A5(5)^2+2*A5(1)*A5(4)*A5(5)*A5(8);
    C([187,257]) = -A5(2)^2*A5(7)^2-A5(3)^2*A5(6)^2+2*A5(2)*A5(3)*A5(6)*A5(7);
    C(607) = 2*A5(2)^2*A5(7)^2+2*A5(3)^2*A5(6)^2-4*A5(2)*A5(3)*A5(6)*A5(7);
    C(355) = -A5(2)^2*A5(8)^2-A5(4)^2*A5(6)^2+2*A5(2)*A5(4)*A5(6)*A5(8);
    C(467) = -A5(3)^2*A5(8)^2-A5(4)^2*A5(7)^2+2*A5(3)*A5(4)*A5(7)*A5(8);
    C(663) = 2*A5(3)^2*A5(8)^2+2*A5(4)^2*A5(7)^2-4*A5(3)*A5(4)*A5(7)*A5(8);
    C(31) = 2*A3(1)*A3(2)*A3(5)*A3(6)-A3(1)^2*A3(6)^2-A3(2)^2*A3(5)^2;
    C(549) = -4*A3(1)*A3(3)*A3(5)*A3(7)+2*A3(1)^2*A3(7)^2+2*A3(3)^2*A3(5)^2;
    C([3,59]) = 2*A3(1)*A3(3)*A3(5)*A3(7)-A3(1)^2*A3(7)^2-A3(3)^2*A3(5)^2;
    C(115) = 2*A3(1)*A3(4)*A3(5)*A3(8)-A3(1)^2*A3(8)^2-A3(4)^2*A3(5)^2;
    C(605) = -4*A3(2)*A3(3)*A3(6)*A3(7)+2*A3(2)^2*A3(7)^2+2*A3(3)^2*A3(6)^2;
    C([185,255]) = 2*A3(2)*A3(3)*A3(6)*A3(7)-A3(2)^2*A3(7)^2-A3(3)^2*A3(6)^2;
    C(353) = 2*A3(2)*A3(4)*A3(6)*A3(8)-A3(2)^2*A3(8)^2-A3(4)^2*A3(6)^2;
    C(661) = -4*A3(3)*A3(4)*A3(7)*A3(8)+2*A3(3)^2*A3(8)^2+2*A3(4)^2*A3(7)^2;
    C(465) = 2*A3(3)*A3(4)*A3(7)*A3(8)-A3(3)^2*A3(8)^2-A3(4)^2*A3(7)^2;
    C(561) = 4*A1(1)*A1(2)*A1(7)^2+4*A1(3)^2*A1(5)*A1(6)-4*A1(1)*A1(3)*A1(6)*A1(7)-4*A1(2)*A1(3)*A1(5)*A1(7);
    C(589) = 4*A1(1)*A1(4)*A1(7)^2+4*A1(3)^2*A1(5)*A1(8)-4*A1(1)*A1(3)*A1(7)*A1(8)-4*A1(3)*A1(4)*A1(5)*A1(7);
    C(631) = 4*A1(2)*A1(4)*A1(7)^2+4*A1(3)^2*A1(6)*A1(8)-4*A1(2)*A1(3)*A1(7)*A1(8)-4*A1(3)*A1(4)*A1(6)*A1(7);
    C(562) = 4*A2(1)*A2(2)*A2(7)^2+4*A2(3)^2*A2(5)*A2(6)-4*A2(1)*A2(3)*A2(6)*A2(7)-4*A2(2)*A2(3)*A2(5)*A2(7);
    C(590) = 4*A2(1)*A2(4)*A2(7)^2+4*A2(3)^2*A2(5)*A2(8)-4*A2(1)*A2(3)*A2(7)*A2(8)-4*A2(3)*A2(4)*A2(5)*A2(7);
    C(632) = 4*A2(2)*A2(4)*A2(7)^2+4*A2(3)^2*A2(6)*A2(8)-4*A2(2)*A2(3)*A2(7)*A2(8)-4*A2(3)*A2(4)*A2(6)*A2(7);
    C([17,143,227]) = -2*A3(1)*A3(2)*A3(7)^2-2*A3(3)^2*A3(5)*A3(6)+2*A3(2)*A3(3)*A3(5)*A3(7)+2*A3(1)*A3(3)*A3(6)*A3(7);
    C(311) = -2*A3(1)*A3(2)*A3(8)^2-2*A3(4)^2*A3(5)*A3(6)+2*A3(1)*A3(4)*A3(6)*A3(8)+2*A3(2)*A3(4)*A3(5)*A3(8);
    C(493) = 2*A3(1)*A3(2)*A3(8)^2+2*A3(4)^2*A3(5)*A3(6)-2*A3(1)*A3(4)*A3(6)*A3(8)-2*A3(2)*A3(4)*A3(5)*A3(8);
    C(213) = -2*A3(1)*A3(3)*A3(6)^2-2*A3(2)^2*A3(5)*A3(7)+2*A3(2)*A3(3)*A3(5)*A3(6)+2*A3(1)*A3(2)*A3(6)*A3(7);
    C(157) = 2*A3(1)*A3(3)*A3(6)^2+2*A3(2)^2*A3(5)*A3(7)-2*A3(2)*A3(3)*A3(5)*A3(6)-2*A3(1)*A3(2)*A3(6)*A3(7);
    C(409) = -2*A3(1)*A3(3)*A3(8)^2-2*A3(4)^2*A3(5)*A3(7)+2*A3(3)*A3(4)*A3(5)*A3(8)+2*A3(1)*A3(4)*A3(7)*A3(8);
    C(507) = 2*A3(1)*A3(3)*A3(8)^2+2*A3(4)^2*A3(5)*A3(7)-2*A3(3)*A3(4)*A3(5)*A3(8)-2*A3(1)*A3(4)*A3(7)*A3(8);
    C(283) = -2*A3(1)*A3(4)*A3(6)^2-2*A3(2)^2*A3(5)*A3(8)+2*A3(2)*A3(4)*A3(5)*A3(6)+2*A3(1)*A3(2)*A3(6)*A3(8);
    C([73,395]) = -2*A3(1)*A3(4)*A3(7)^2-2*A3(3)^2*A3(5)*A3(8)+2*A3(3)*A3(4)*A3(5)*A3(7)+2*A3(1)*A3(3)*A3(7)*A3(8);
    C(45) = -2*A3(1)^2*A3(6)*A3(7)-2*A3(2)*A3(3)*A3(5)^2+2*A3(1)*A3(2)*A3(5)*A3(7)+2*A3(1)*A3(3)*A3(5)*A3(6);
    C(199) = 2*A3(1)^2*A3(6)*A3(7)+2*A3(2)*A3(3)*A3(5)^2-2*A3(1)*A3(2)*A3(5)*A3(7)-2*A3(1)*A3(3)*A3(5)*A3(6);
    C(87) = -2*A3(1)^2*A3(6)*A3(8)-2*A3(2)*A3(4)*A3(5)^2+2*A3(1)*A3(4)*A3(5)*A3(6)+2*A3(1)*A3(2)*A3(5)*A3(8);
    C(101) = -2*A3(1)^2*A3(7)*A3(8)-2*A3(3)*A3(4)*A3(5)^2+2*A3(1)*A3(4)*A3(5)*A3(7)+2*A3(1)*A3(3)*A3(5)*A3(8);
    C(367) = 2*A3(1)^2*A3(7)*A3(8)+2*A3(3)*A3(4)*A3(5)^2-2*A3(1)*A3(4)*A3(5)*A3(7)-2*A3(1)*A3(3)*A3(5)*A3(8);
    C(451) = -2*A3(2)*A3(3)*A3(8)^2-2*A3(4)^2*A3(6)*A3(7)+2*A3(2)*A3(4)*A3(7)*A3(8)+2*A3(3)*A3(4)*A3(6)*A3(8);
    C(535) = 2*A3(2)*A3(3)*A3(8)^2+2*A3(4)^2*A3(6)*A3(7)-2*A3(2)*A3(4)*A3(7)*A3(8)-2*A3(3)*A3(4)*A3(6)*A3(8);
    C([325,437]) = -2*A3(2)*A3(4)*A3(7)^2-2*A3(3)^2*A3(6)*A3(8)+2*A3(3)*A3(4)*A3(6)*A3(7)+2*A3(2)*A3(3)*A3(7)*A3(8);
    C(339) = -2*A3(2)^2*A3(7)*A3(8)-2*A3(3)*A3(4)*A3(6)^2+2*A3(2)*A3(3)*A3(6)*A3(8)+2*A3(2)*A3(4)*A3(6)*A3(7);
    C(423) = 2*A3(2)^2*A3(7)*A3(8)+2*A3(3)*A3(4)*A3(6)^2-2*A3(2)*A3(3)*A3(6)*A3(8)-2*A3(2)*A3(4)*A3(6)*A3(7);
    C(564) = 4*A4(1)*A4(2)*A4(7)^2+4*A4(3)^2*A4(5)*A4(6)-4*A4(1)*A4(3)*A4(6)*A4(7)-4*A4(2)*A4(3)*A4(5)*A4(7);
    C(592) = 4*A4(3)^2*A4(5)*A4(8)+4*A4(1)*A4(4)*A4(7)^2-4*A4(1)*A4(3)*A4(7)*A4(8)-4*A4(3)*A4(4)*A4(5)*A4(7);
    C(634) = 4*A4(3)^2*A4(6)*A4(8)+4*A4(2)*A4(4)*A4(7)^2-4*A4(2)*A4(3)*A4(7)*A4(8)-4*A4(3)*A4(4)*A4(6)*A4(7);
    C(565) = 4*A5(1)*A5(2)*A5(7)^2+4*A5(3)^2*A5(5)*A5(6)-4*A5(1)*A5(3)*A5(6)*A5(7)-4*A5(2)*A5(3)*A5(5)*A5(7);
    C(593) = 4*A5(1)*A5(4)*A5(7)^2+4*A5(3)^2*A5(5)*A5(8)-4*A5(1)*A5(3)*A5(7)*A5(8)-4*A5(3)*A5(4)*A5(5)*A5(7);
    C(635) = 4*A5(2)*A5(4)*A5(7)^2+4*A5(3)^2*A5(6)*A5(8)-4*A5(2)*A5(3)*A5(7)*A5(8)-4*A5(3)*A5(4)*A5(6)*A5(7);
    C(197) = -2*A1(1)*A1(2)*A1(5)*A1(7)-2*A1(1)*A1(3)*A1(5)*A1(6)+2*A1(2)*A1(3)*A1(5)^2+2*A1(1)^2*A1(6)*A1(7);
    C(43) = 2*A1(1)*A1(2)*A1(5)*A1(7)+2*A1(1)*A1(3)*A1(5)*A1(6)-2*A1(2)*A1(3)*A1(5)^2-2*A1(1)^2*A1(6)*A1(7);
    C(85) = 2*A1(1)*A1(2)*A1(5)*A1(8)+2*A1(1)*A1(4)*A1(5)*A1(6)-2*A1(2)*A1(4)*A1(5)^2-2*A1(1)^2*A1(6)*A1(8);
    C(155) = -2*A1(1)*A1(2)*A1(6)*A1(7)-2*A1(2)*A1(3)*A1(5)*A1(6)+2*A1(1)*A1(3)*A1(6)^2+2*A1(2)^2*A1(5)*A1(7);
    C(211) = 2*A1(1)*A1(2)*A1(6)*A1(7)+2*A1(2)*A1(3)*A1(5)*A1(6)-2*A1(1)*A1(3)*A1(6)^2-2*A1(2)^2*A1(5)*A1(7);
    C(281) = 2*A1(1)*A1(2)*A1(6)*A1(8)+2*A1(2)*A1(4)*A1(5)*A1(6)-2*A1(1)*A1(4)*A1(6)^2-2*A1(2)^2*A1(5)*A1(8);
    C(365) = -2*A1(1)*A1(3)*A1(5)*A1(8)-2*A1(1)*A1(4)*A1(5)*A1(7)+2*A1(3)*A1(4)*A1(5)^2+2*A1(1)^2*A1(7)*A1(8);
