% Input: coefficient matrix C of size 3x29

% Monomial vector: [z*x^3, z*y*x^2, x*z*y^2, z*y^3, z^2*x^2, x*y*z^2, z^2*y^2, z^3*x, z^3*y, z^4, x^3, x^2*y, y^2*x, y^3, z*x^2, y^2*z, z^2*x, y*z^2, z^3, x^2, y*x, y^2, x*z, y*z, z^2, x, y, z, 1]

function [x, y, z] = nstd_refract5p_colpiv_sprs(C)

    i_dx = [1, 1, 1, 1, 1, 1, 1, 1, 1, 1, 1, 1, 1, 1, 1, 1, 1, 1, 1, 1, 1, 1, 1, 1, 1, 1, 1, 1, 2, 2, 2, 2, 2, 2, 2, 2, 2, 2, 2, 2, 2, 2, 2, 2, 2, 2, 2, 2, 2, 2, 2, 2, 2, 2, 2, 2, 3, 3, 3, 3, 3, 3, 3, 3, 3, 3, 3, 3, 3, 3, 3, 3, 3, 3, 3, 3, 3, 3, 3, 3, 3, 3, 3, 3, 4, 4, 4, 4, 4, 4, 4, 4, 4, 4, 4, 4, 4, 4, 4, 4, 4, 4, 4, 4, 4, 4, 4, 4, 4, 4, 4, 4, 5, 5, 5, 5, 5, 5, 5, 5, 5, 5, 5, 5, 5, 5, 5, 5, 5, 5, 5, 5, 5, 5, 5, 5, 5, 5, 5, 5, 6, 6, 6, 6, 6, 6, 6, 6, 6, 6, 6, 6, 6, 6, 6, 6, 6, 6, 6, 6, 6, 6, 6, 6, 6, 6, 6, 6, 7, 7, 7, 7, 7, 7, 7, 7, 7, 7, 7, 7, 7, 7, 7, 7, 7, 7, 7, 7, 7, 7, 7, 7, 7, 7, 7, 7, 8, 8, 8, 8, 8, 8, 8, 8, 8, 8, 8, 8, 8, 8, 8, 8, 8, 8, 8, 8, 8, 8, 8, 8, 8, 8, 8, 8, 9, 9, 9, 9, 9, 9, 9, 9, 10, 10, 10, 10, 10, 10, 10, 10, 11, 11, 11, 11, 11, 11, 11, 11, 12, 12, 12, 12, 12, 12, 12, 12, 13, 13, 13, 13, 13, 13, 13, 13, 14, 14, 14, 14, 14, 14, 14, 14, 15, 15, 15, 15, 15, 15, 15, 15, 16, 16, 16, 16, 16, 16, 16, 16, 17, 17, 17, 17, 17, 17, 17, 17, 18, 18, 18, 18, 18, 18, 18, 18, 19, 19, 19, 19, 19, 19, 19, 19, 20, 20, 20, 20, 20, 20, 20, 20, 21, 21, 21, 21, 21, 21, 21, 21, 22, 22, 22, 22, 22, 22, 22, 22, 23, 23, 23, 23, 23, 23, 23, 23, 24, 24, 24, 24, 24, 24, 24, 24, 25, 25, 25, 25, 25, 25, 25, 25, 26, 26, 26, 26, 26, 26, 26, 26, 27, 27, 27, 27, 27, 27, 27, 27, 28, 28, 28, 28, 28, 28, 28, 28, 29, 29, 29, 29, 29, 29, 29, 29, 30, 30, 30, 30, 30, 30, 30, 30, 31, 31, 31, 31, 31, 31, 31, 31, 32, 32, 32, 32, 32, 32, 32, 32, 33, 33, 33, 33, 33, 33, 33, 33, 34, 34, 34, 34, 34, 34, 34, 34, 35, 35, 35, 35, 35, 35, 35, 35, 36, 36, 36, 36, 36, 36, 36, 36, 37, 37, 37, 37, 37, 37, 37, 37, 37, 38, 38, 38, 38, 38, 38, 38, 38, 38, 39, 39, 39, 39, 39, 39, 39, 39, 39, 40, 40, 40, 40, 40, 40, 40, 40, 40, 41, 41, 41, 41, 41, 41, 41, 41, 41, 42, 42, 42, 42, 42, 42, 42, 42, 42, 43, 43, 43, 43, 43, 43, 43, 43, 43, 44, 44, 44, 44, 44, 44, 44, 44, 44, 45, 45, 45, 45, 45, 45, 45, 45, 45, 46, 46, 46, 46, 46, 46, 46, 46, 46, 47, 47, 47, 47, 47, 47, 47, 47, 47, 48, 48, 48, 48, 48, 48, 48, 48, 48, 49, 49, 49, 49, 49, 49, 49, 49, 49, 50, 50, 50, 50, 50, 50, 50, 50, 50, 51, 51, 51, 51, 51, 51, 51, 51, 51, 52, 52, 52, 52, 52, 52, 52, 52, 52, 53, 53, 53, 53, 53, 53, 53, 53, 53, 54, 54, 54, 54, 54, 54, 54, 54, 54, 55, 55, 55, 55, 55, 55, 55, 55, 55, 56, 56, 56, 56, 56, 56, 56, 56, 56, 57, 57, 57, 57, 57, 57, 57, 57, 57];
    j_dx = [8, 9, 10, 11, 12, 13, 14, 16, 17, 19, 22, 23, 24, 25, 26, 28, 30, 31, 34, 40, 41, 42, 44, 45, 54, 55, 58, 64, 12, 13, 14, 15, 16, 17, 18, 19, 20, 21, 26, 27, 28, 29, 30, 32, 34, 35, 37, 44, 45, 46, 48, 49, 58, 59, 61, 67, 26, 27, 28, 29, 30, 31, 32, 34, 35, 37, 40, 41, 42, 43, 44, 46, 48, 49, 51, 54, 55, 56, 58, 59, 64, 65, 67, 70, 1, 2, 3, 4, 6, 13, 14, 15, 17, 18, 20, 27, 28, 29, 31, 33, 35, 36, 38, 45, 46, 47, 49, 50, 59, 60, 62, 68, 6, 7, 27, 28, 29, 31, 32, 33, 35, 36, 38, 41, 42, 43, 45, 47, 49, 50, 52, 55, 56, 57, 59, 60, 65, 66, 68, 71, 2, 3, 4, 5, 16, 17, 18, 19, 20, 21, 30, 31, 32, 33, 34, 36, 37, 38, 39, 48, 49, 50, 51, 52, 61, 62, 63, 69, 30, 31, 32, 33, 34, 35, 36, 37, 38, 39, 44, 45, 46, 47, 48, 50, 51, 52, 53, 58, 59, 60, 61, 62, 67, 68, 69, 72, 44, 45, 46, 47, 48, 49, 50, 51, 52, 53, 54, 55, 56, 57, 58, 60, 61, 62, 63, 64, 65, 66, 67, 68, 70, 71, 72, 73, 65, 67, 68, 69, 70, 71, 72, 73, 59, 61, 62, 63, 67, 68, 69, 72, 55, 58, 59, 61, 64, 65, 67, 70, 56, 59, 60, 62, 65, 66, 68, 71, 42, 45, 46, 49, 55, 56, 59, 65, 45, 48, 49, 51, 58, 59, 61, 67, 46, 49, 50, 52, 59, 60, 62, 68, 13, 16, 17, 19, 30, 31, 34, 48, 32, 35, 36, 38, 49, 50, 52, 62, 25, 28, 29, 32, 42, 43, 46, 56, 29, 32, 33, 36, 46, 47, 50, 60, 2, 3, 15, 18, 32, 33, 36, 50, 24, 27, 28, 31, 41, 42, 45, 55, 27, 30, 31, 34, 44, 45, 48, 58, 9, 12, 13, 16, 26, 27, 30, 44, 31, 34, 35, 37, 48, 49, 51, 61, 17, 19, 20, 21, 34, 35, 37, 51, 3, 4, 18, 20, 35, 36, 38, 52, 11, 14, 15, 18, 28, 29, 32, 46, 10, 13, 14, 17, 27, 28, 31, 45, 14, 17, 18, 20, 31, 32, 35, 49, 49, 51, 52, 53, 61, 62, 63, 69, 41, 44, 45, 48, 54, 55, 58, 64, 43, 46, 47, 50, 56, 57, 60, 66, 23, 26, 27, 30, 40, 41, 44, 54, 4, 5, 20, 21, 37, 38, 39, 53, 35, 37, 38, 39, 51, 52, 53, 63, 28, 31, 32, 35, 45, 46, 49, 59, 64, 66, 67, 68, 69, 70, 71, 72, 73, 58, 60, 61, 62, 63, 67, 68, 69, 72, 54, 56, 58, 59, 61, 64, 65, 67, 70, 55, 57, 59, 60, 62, 65, 66, 68, 71, 41, 43, 45, 46, 49, 55, 56, 59, 65, 44, 46, 48, 49, 51, 58, 59, 61, 67, 45, 47, 49, 50, 52, 59, 60, 62, 68, 12, 14, 16, 17, 19, 30, 31, 34, 48, 31, 33, 35, 36, 38, 49, 50, 52, 62, 6, 28, 32, 33, 36, 46, 47, 50, 60, 1, 2, 3, 14, 18, 32, 33, 36, 50, 23, 25, 27, 28, 31, 41, 42, 45, 55, 26, 28, 30, 31, 34, 44, 45, 48, 58, 8, 10, 12, 13, 16, 26, 27, 30, 44, 30, 32, 34, 35, 37, 48, 49, 51, 61, 16, 18, 19, 20, 21, 34, 35, 37, 51, 2, 3, 4, 17, 20, 35, 36, 38, 52, 9, 11, 13, 14, 17, 27, 28, 31, 45, 13, 15, 17, 18, 20, 31, 32, 35, 49, 7, 42, 46, 47, 50, 56, 57, 60, 66, 22, 24, 26, 27, 30, 40, 41, 44, 54];
    C_dx = [1, 4, 7, 10, 13, 16, 19, 22, 25, 28, 31, 34, 37, 40, 43, 46, 49, 52, 55, 58, 61, 64, 67, 70, 76, 79, 82, 85, 1, 4, 7, 10, 13, 16, 19, 22, 25, 28, 31, 34, 37, 40, 43, 46, 49, 52, 55, 58, 61, 64, 67, 70, 76, 79, 82, 85, 1, 4, 7, 10, 13, 16, 19, 22, 25, 28, 31, 34, 37, 40, 43, 46, 49, 52, 55, 58, 61, 64, 67, 70, 76, 79, 82, 85, 10, 19, 25, 28, 40, 1, 4, 7, 13, 16, 22, 31, 34, 37, 43, 46, 49, 52, 55, 58, 61, 64, 67, 70, 76, 79, 82, 85, 10, 40, 1, 4, 7, 13, 16, 19, 22, 25, 28, 31, 34, 37, 43, 46, 49, 52, 55, 58, 61, 64, 67, 70, 76, 79, 82, 85, 10, 19, 25, 28, 1, 4, 7, 13, 16, 22, 31, 34, 37, 40, 43, 46, 49, 52, 55, 58, 61, 64, 67, 70, 76, 79, 82, 85, 1, 4, 7, 10, 13, 16, 19, 22, 25, 28, 31, 34, 37, 40, 43, 46, 49, 52, 55, 58, 61, 64, 67, 70, 76, 79, 82, 85, 1, 4, 7, 10, 13, 16, 19, 22, 25, 28, 31, 34, 37, 40, 43, 46, 49, 52, 55, 58, 61, 64, 67, 70, 76, 79, 82, 85, 62, 68, 71, 74, 77, 80, 83, 86, 62, 68, 71, 74, 77, 80, 83, 86, 62, 68, 71, 74, 77, 80, 83, 86, 62, 68, 71, 74, 77, 80, 83, 86, 62, 68, 71, 74, 77, 80, 83, 86, 62, 68, 71, 74, 77, 80, 83, 86, 62, 68, 71, 74, 77, 80, 83, 86, 62, 68, 71, 74, 77, 80, 83, 86, 62, 68, 71, 74, 77, 80, 83, 86, 62, 68, 71, 74, 77, 80, 83, 86, 62, 68, 71, 74, 77, 80, 83, 86, 71, 74, 62, 68, 77, 80, 83, 86, 62, 68, 71, 74, 77, 80, 83, 86, 62, 68, 71, 74, 77, 80, 83, 86, 62, 68, 71, 74, 77, 80, 83, 86, 62, 68, 71, 74, 77, 80, 83, 86, 62, 68, 71, 74, 77, 80, 83, 86, 71, 74, 62, 68, 77, 80, 83, 86, 62, 68, 71, 74, 77, 80, 83, 86, 62, 68, 71, 74, 77, 80, 83, 86, 62, 68, 71, 74, 77, 80, 83, 86, 62, 68, 71, 74, 77, 80, 83, 86, 62, 68, 71, 74, 77, 80, 83, 86, 62, 68, 71, 74, 77, 80, 83, 86, 62, 68, 71, 74, 77, 80, 83, 86, 71, 74, 62, 68, 77, 80, 83, 86, 62, 68, 71, 74, 77, 80, 83, 86, 62, 68, 71, 74, 77, 80, 83, 86, 60, 66, 69, 72, 75, 78, 81, 84, 87, 60, 66, 69, 72, 75, 78, 81, 84, 87, 60, 66, 69, 72, 75, 78, 81, 84, 87, 60, 66, 69, 72, 75, 78, 81, 84, 87, 60, 66, 69, 72, 75, 78, 81, 84, 87, 60, 66, 69, 72, 75, 78, 81, 84, 87, 60, 66, 69, 72, 75, 78, 81, 84, 87, 60, 66, 69, 72, 75, 78, 81, 84, 87, 60, 66, 69, 72, 75, 78, 81, 84, 87, 66, 60, 69, 72, 75, 78, 81, 84, 87, 66, 72, 75, 60, 69, 78, 81, 84, 87, 60, 66, 69, 72, 75, 78, 81, 84, 87, 60, 66, 69, 72, 75, 78, 81, 84, 87, 60, 66, 69, 72, 75, 78, 81, 84, 87, 60, 66, 69, 72, 75, 78, 81, 84, 87, 60, 66, 69, 72, 75, 78, 81, 84, 87, 66, 72, 75, 60, 69, 78, 81, 84, 87, 60, 66, 69, 72, 75, 78, 81, 84, 87, 60, 66, 69, 72, 75, 78, 81, 84, 87, 66, 60, 69, 72, 75, 78, 81, 84, 87, 60, 66, 69, 72, 75, 78, 81, 84, 87];
