function M0 = getM0_red_343x383_colpiv()
    ix = [1 3 5 7 2 4 6 8 10 12 14 9 11 13 15 1 3 5 7 16 18 20 2 4 6 8 17 19 21 10 12 14 23 25 9 11 13 15 22 24 26 1 3 5 16 18 20 27 29 2 4 6 17 19 21 28 30 10 12 23 25 32 35 37 39 41 36 38 40 42 44 46 48 43 45 47 49 35 37 39 41 50 52 54 36 38 40 42 51 53 55 44 46 48 57 59 43 45 47 49 56 58 60 35 37 39 50 52 54 61 63 36 38 40 51 53 55 62 64 44 46 57 59 66 1 3 5 7 70 73 77 81 74 78 82 2 4 6 8 71 75 79 83 72 76 80 84 10 12 14 86 90 94 9 11 13 15 85 88 92 96 89 93 97 1 16 70 73 99 1 3 5 16 18 20 70 73 77 81 105 2 4 6 17 19 21 71 75 79 83 100 103 107 72 76 80 84 101 104 108 74 78 82 102 106 109 10 12 23 25 86 90 94 111 115 9 11 13 22 24 26 85 88 92 96 110 113 117 89 93 97 114 118 1 3 16 18 27 29 70 73 77 99 105 120 123 2 4 17 19 28 30 71 75 79 100 103 107 121 125 10 23 32 86 90 111 115 129 89 93 114 118 132 35 37 39 41 138 141 145 149 36 38 40 42 139 143 147 151 44 46 48 155 159 163 43 45 47 49 154 157 161 165 1 16 140 144 170 35 37 39 50 52 54 138 141 145 149 168 171 174 36 38 40 51 53 55 139 143 147 151 169 173 176 44 46 57 59 155 159 163 180 184 43 45 47 56 58 60 154 157 161 165 179 182 186 35 37 50 52 61 63 138 141 145 168 171 174 189 192 36 38 51 53 62 64 139 143 147 169 173 176 190 194 44 57 66 155 159 180 184 198 156 181 199 1 3 5 70 73 77 81 208 212 216 2 4 6 71 75 79 83 206 210 214 218 10 12 86 90 94 221 225 229 9 11 13 85 88 92 96 223 227 231 1 3 16 18 70 73 77 99 105 208 212 216 236 240 2 4 17 19 71 75 79 100 103 107 206 210 214 218 234 238 242 10 23 86 90 111 115 221 225 229 245 249 9 11 22 24 85 88 92 110 113 117 223 227 231 247 251 1 16 27 70 73 99 120 123 208 212 236 240 256 222 246 262 1 70 73 140 144 273 36 38 139 143 147 272 278 35 37 39 138 141 145 149 269 275 280 72 76 80 271 277 282 36 38 40 139 143 147 151 74 78 82 274 279 284 72 76 80 84 44 46 155 159 163 289 295 43 45 47 154 157 161 165 286 292 298 87 91 95 288 294 300 89 93 97 291 297 302 87 91 95 98 70 99 140 170 273 35 37 50 52 138 141 145 168 171 174 269 275 280 303 308 72 76 80 101 104 108 271 277 282 305 310 314 74 78 82 102 106 109 274 279 284 307 312 315 44 57 155 159 180 184 289 295 319 89 93 114 118 291 297 302 321 326 87 91 95 112 116 119 288 294 300 318 324 327 72 76 101 104 122 126 271 277 282 305 310 314 330 335 74 78 102 106 124 127 274 279 284 307 312 315 333 336 89 114 132 291 297 321 326 341 87 91 112 116 130 133 288 294 300 318 324 327 339 342 271 305 330 72 101 122 136 271 277 305 310 330 335 1 3 70 73 77 208 212 216 348 354 36 38 74 78 139 143 147 209 213 217 349 355 2 4 71 75 79 206 210 214 218 345 351 357 10 86 90 221 225 229 362 368 9 11 85 88 92 223 227 231 365 371 9 11 156 160 164 367 373 364 390 404 347 378 399 406 35 37 138 141 145 269 275 280 407 413 35 50 72 101 207 211 235 239 271 277 305 310 409 415 436 271 274 72 271 277 36 74 139 143 209 213 272 278 349 355 455 74 274 279 288 291 87 288 294 271 305 274 307 72 101 271 277 305 310 347 364 347 378 1 140 144 170 350 356 381 386 364 390 347 378 399 364 390 404 347 378 399 406 1 3 5 7 140 144 148 152 2 4 6 8 142 146 150 153 10 12 14 158 162 166 9 11 13 15 156 160 164 167 1 3 5 16 18 20 140 144 148 152 177 2 4 6 17 19 21 142 146 150 153 172 175 178 10 12 23 25 158 162 166 183 187 9 11 13 22 24 26 156 160 164 167 181 185 188 1 3 16 18 27 29 140 144 148 170 177 191 195 2 4 17 19 28 30 142 146 150 172 175 178 193 196 10 23 32 158 162 183 187 201 9 11 22 24 31 33 156 160 164 181 185 188 199 202 1 16 27 34 140 170 191 195 204 2 17 28 142 146 172 175 193 196 205 158 183 201 9 22 31 156 160 181 185 199 202 142 172 193 205 1 3 5 140 144 148 152 350 356 360 2 4 6 142 146 150 153 347 353 359 361 10 12 158 162 166 364 370 375 9 11 13 156 160 164 167 1 3 16 18 140 144 148 170 177 350 356 360 381 386 2 4 17 19 142 146 150 172 175 178 347 353 359 361 378 384 387 10 23 158 162 183 187 364 370 375 390 395 9 11 22 24 156 160 164 181 185 188 367 373 393 396 1 16 27 140 144 170 191 195 350 356 381 386 401 2 17 28 142 146 172 175 193 196 347 353 359 378 384 387 399 402 158 183 201 364 370 390 395 404 9 22 31 156 160 181 185 199 202 367 373 393 396 405 140 170 191 204 350 381 401 142 172 193 205 347 353 378 384 399 402 406 156 181 199 367 393 405 140 350 142 347 353 1 140 144 350 356 2 71 75 142 146 206 210 214 270 276 281 345 351 357 408 414 419 480 485 2 142 146 347 353 359 1 3 140 144 148 350 356 360 2 4 142 146 150 347 353 359 361 156 367 158 364 370 9 156 160 367 373 10 158 162 364 370 375 140 170 350 381 142 172 347 353 378 384 2 17 142 146 172 175 347 353 359 378 384 387 156 181 367 393 158 183 364 370 390 395 9 22 156 160 181 185 367 373 393 396 140 170 191 350 381 401 142 172 193 347 353 378 384 399 402 156 181 199 367 393 405 43 45 87 91 222 226 230 288 294 300 424 430 433 139 169 209 237 272 274 306 307 349 380 412 439 455 473 484 495 509 70 140 170 273 350 381 456 474 35 37 39 41 72 76 80 84 207 211 215 219 36 38 40 42 74 78 82 209 213 217 220 44 46 48 89 93 97 224 228 232 43 45 47 49 87 91 95 98 222 226 230 233 35 37 39 50 52 54 72 76 80 101 104 108 207 211 215 219 235 239 243 36 38 40 51 53 55 74 78 82 102 106 109 209 213 217 220 237 241 244 44 46 57 59 89 93 114 118 224 228 232 248 252 43 45 47 56 58 60 87 91 95 112 116 119 222 226 230 233 246 250 253 35 37 50 52 61 63 72 76 101 104 122 126 207 211 215 235 239 243 255 259 36 38 51 53 62 64 74 78 102 106 124 127 209 213 217 237 241 244 257 260 44 57 66 89 114 132 224 228 248 252 264 43 45 56 58 65 67 87 91 112 116 130 133 222 226 230 246 250 253 262 265 35 50 61 68 72 101 122 136 207 211 235 239 255 259 267 36 51 62 69 74 102 124 137 209 213 237 241 257 260 268 224 248 264 43 56 65 87 112 130 222 226 246 250 262 265 209 237 257 268 1 3 5 70 73 77 81 140 144 148 152 283 2 4 6 71 75 79 83 142 146 150 153 270 276 281 285 10 12 86 90 94 158 162 166 287 293 299 9 11 13 85 88 92 96 156 160 164 167 290 296 301 1 3 16 18 70 73 77 105 140 144 148 177 283 2 4 17 19 71 75 79 100 103 107 142 146 150 172 175 178 270 276 281 285 304 309 313 10 23 86 90 111 115 158 162 183 187 287 293 299 317 323 9 11 22 24 85 88 92 110 113 117 156 160 164 181 185 188 290 296 301 320 325 1 16 27 70 99 120 123 140 170 191 195 332 2 17 28 71 75 100 103 121 125 142 146 172 175 193 196 270 276 281 304 309 313 329 334 86 111 129 158 183 201 287 293 317 323 338 9 22 31 85 88 110 113 128 131 156 160 181 185 199 202 290 296 320 325 340 70 99 120 134 140 170 191 204 332 71 100 121 135 142 172 193 205 270 276 304 309 329 334 343 85 110 128 156 181 199 290 320 340 35 37 39 72 76 80 138 141 145 149 207 211 215 219 346 352 358 36 38 40 74 78 82 139 143 147 151 209 213 217 220 44 46 89 93 155 159 163 224 228 232 366 372 43 45 47 87 91 95 154 157 161 165 222 226 230 233 363 369 374 35 37 50 52 72 76 101 104 138 141 145 168 171 174 207 211 215 235 239 243 346 352 358 377 383 36 38 51 53 74 78 102 106 139 143 147 169 173 176 209 213 217 237 241 244 349 355 380 385 44 57 89 114 155 159 180 184 224 228 248 252 366 372 392 43 45 56 58 87 91 112 116 154 157 161 179 182 186 222 226 230 246 250 253 363 369 374 389 394 35 50 61 72 101 122 138 141 168 171 189 192 207 211 235 239 255 259 346 352 377 383 398 36 51 62 74 102 124 139 143 169 173 190 194 209 213 237 241 257 260 349 355 380 385 400 155 180 198 224 248 264 366 392 43 56 65 87 112 130 154 157 179 182 197 200 222 226 246 250 262 265 363 369 389 394 403 138 168 189 203 207 235 255 267 346 377 398 139 169 190 209 237 257 268 349 380 400 154 179 197 222 246 262 363 389 403 1 3 70 73 77 140 144 148 208 212 216 273 283 411 417 2 4 71 75 79 142 146 150 206 210 214 218 270 276 281 285 408 414 419 35 37 39 72 76 80 207 211 215 219 271 277 282 409 415 420 36 38 40 74 78 82 209 213 217 220 274 279 284 412 418 421 10 86 90 158 162 221 225 229 287 293 299 423 429 9 11 85 88 92 156 160 164 223 227 231 290 296 301 426 431 44 46 89 93 224 228 232 291 297 302 427 432 43 45 47 87 91 95 222 226 230 233 288 294 300 424 430 433 1 70 73 99 140 208 212 236 240 273 411 417 438 2 17 71 75 100 103 142 146 172 175 206 210 214 234 238 242 270 