function [C,U,dU] = coefs_4p2v_dim1(data)

    x1 = data{1};
    x2 = data{2};

    C = zeros(3,36);
    C(4) = -4*x1(3)*x2(3)*x1(5)*x2(6)*x1(9)*x2(8)+4*x1(3)*x2(3)*x1(6)*x1(8)*x2(5)*x2(9);
    C(5) = 4*x1(3)*x2(3)*x2(12)*x1(11)*x1(6)*x2(5)-4*x1(3)*x2(3)*x1(12)*x2(11)*x1(5)*x2(6);
    C(13) = 4*x1(3)*x2(3)*x1(5)*x1(7)*x2(8)*x2(5)+4*x1(3)*x2(3)*x1(5)*x1(8)*x2(7)*x2(5)+4*x1(3)*x2(3)*x1(6)*x1(7)*x2(5)*x2(9)+4*x1(3)*x2(3)*x1(5)*x2(6)*x1(9)*x2(7);
    C(1) = -2*x1(3)*x2(3)*x1(5)*x2(6)*x1(7)*x2(8)-2*x1(3)*x2(3)*x1(5)*x2(6)*x1(8)*x2(7)+2*x1(3)*x2(3)*x1(6)*x1(7)*x2(8)*x2(5)+2*x1(3)*x2(3)*x1(6)*x1(8)*x2(7)*x2(5);
    C(7) = 2*x1(3)*x2(3)*x1(5)*x2(6)*x1(7)*x2(8)-2*x1(3)*x2(3)*x1(5)*x2(6)*x1(8)*x2(7)+2*x1(3)*x2(3)*x1(6)*x1(7)*x2(8)*x2(5)-2*x1(3)*x2(3)*x1(6)*x1(8)*x2(7)*x2(5);
    C(2) = -2*x1(3)*x2(3)*x1(10)*x2(11)*x1(5)*x2(6)+2*x1(3)*x2(3)*x1(10)*x2(11)*x1(6)*x2(5)-2*x1(3)*x2(3)*x1(11)*x2(10)*x1(5)*x2(6)+2*x1(3)*x2(3)*x1(11)*x2(10)*x1(6)*x2(5);
    C(8) = 2*x1(3)*x2(3)*x1(10)*x2(11)*x1(5)*x2(6)+2*x1(3)*x2(3)*x1(10)*x2(11)*x1(6)*x2(5)-2*x1(3)*x2(3)*x1(11)*x2(10)*x1(5)*x2(6)-2*x1(3)*x2(3)*x1(11)*x2(10)*x1(6)*x2(5);
    C(6) = 4*x1(3)*x2(3)*x1(10)*x2(11)*x1(8)*x2(7)-4*x1(3)*x2(3)*x1(11)*x2(10)*x1(7)*x2(8)+4*x1(3)*x2(3)*x2(12)*x1(11)*x1(9)*x2(8)-4*x1(3)*x2(3)*x1(12)*x2(11)*x1(8)*x2(9);
    C(14) = 4*x1(3)*x2(3)*x2(12)*x1(10)*x1(6)*x2(5)+4*x1(3)*x2(3)*x1(10)*x2(11)*x1(5)*x2(5)+4*x1(3)*x2(3)*x1(11)*x2(10)*x1(5)*x2(5)+4*x1(3)*x2(3)*x1(12)*x2(10)*x1(5)*x2(6);
    C(21) = -4*x1(3)*x2(3)*x2(12)*x1(10)*x1(9)*x2(7)-4*x1(3)*x2(3)*x1(10)*x2(11)*x1(8)*x2(7)+4*x1(3)*x2(3)*x1(11)*x2(10)*x1(7)*x2(8)+4*x1(3)*x2(3)*x1(12)*x2(10)*x1(7)*x2(9);
    C(16) = -4*x1(3)*x2(3)*x1(5)*x2(6)*x1(7)*x2(7)-4*x1(3)*x2(3)*x1(5)*x2(6)*x1(8)*x2(8)+4*x1(3)*x2(3)*x1(5)*x1(8)*x2(5)*x2(9)+4*x1(3)*x2(3)*x1(5)*x1(9)*x2(8)*x2(5)-4*x1(3)*x2(3)*x1(6)*x1(7)*x2(7)*x2(5)-4*x1(3)*x2(3)*x1(6)*x1(8)*x2(8)*x2(5);
    C(22) = -2*x1(3)*x2(3)*x1(6)*x1(7)*x2(8)*x2(5)+2*x1(3)*x2(3)*x1(6)*x1(8)*x2(7)*x2(5)-2*x1(3)*x2(3)*x1(5)*x2(6)*x1(7)*x2(8)+2*x1(3)*x2(3)*x1(5)*x2(6)*x1(8)*x2(7)+4*x1(3)*x2(3)*x1(5)*x1(7)*x2(5)*x2(9)-4*x1(3)*x2(3)*x1(5)*x1(9)*x2(7)*x2(5);
    C(23) = 4*x1(3)*x2(3)*x2(12)*x1(10)*x1(5)*x2(5)-2*x1(3)*x2(3)*x1(10)*x2(11)*x1(5)*x2(6)-2*x1(3)*x2(3)*x1(10)*x2(11)*x1(6)*x2(5)+2*x1(3)*x2(3)*x1(11)*x2(10)*x1(5)*x2(6)+2*x1(3)*x2(3)*x1(11)*x2(10)*x1(6)*x2(5)-4*x1(3)*x2(3)*x1(12)*x2(10)*x1(5)*x2(5);
    C(17) = 4*x1(3)*x2(3)*x2(12)*x1(11)*x1(5)*x2(5)-4*x1(3)*x2(3)*x1(10)*x2(10)*x1(5)*x2(6)-4*x1(3)*x2(3)*x1(10)*x2(10)*x1(6)*x2(5)-4*x1(3)*x2(3)*x1(11)*x2(11)*x1(5)*x2(6)-4*x1(3)*x2(3)*x1(11)*x2(11)*x1(6)*x2(5)+4*x1(3)*x2(3)*x1(12)*x2(11)*x1(5)*x2(5);
    C(3) = -2*x1(3)*x2(3)*x1(10)*x2(11)*x1(8)*x2(9)+2*x1(3)*x2(3)*x1(10)*x2(11)*x1(9)*x2(8)-2*x1(3)*x2(3)*x1(11)*x2(10)*x1(8)*x2(9)+2*x1(3)*x2(3)*x1(11)*x2(10)*x1(9)*x2(8)-2*x1(3)*x2(3)*x1(12)*x2(11)*x1(7)*x2(8)+2*x1(3)*x2(3)*x2(12)*x1(11)*x1(7)*x2(8)+2*x1(3)*x2(3)*x2(12)*x1(11)*x1(8)*x2(7)-2*x1(3)*x2(3)*x1(12)*x2(11)*x1(8)*x2(7);
    C(9) = 2*x1(3)*x2(3)*x1(10)*x2(11)*x1(9)*x2(8)-2*x1(3)*x2(3)*x1(11)*x2(10)*x1(8)*x2(9)-2*x1(3)*x2(3)*x1(11)*x2(10)*x1(9)*x2(8)-2*x1(3)*x2(3)*x1(12)*x2(11)*x1(7)*x2(8)+2*x1(3)*x2(3)*x1(12)*x2(11)*x1(8)*x2(7)-2*x1(3)*x2(3)*x2(12)*x1(11)*x1(7)*x2(8)+2*x1(3)*x2(3)*x2(12)*x1(11)*x1(8)*x2(7)+2*x1(3)*x2(3)*x1(10)*x2(11)*x1(8)*x2(9);
    C(27) = 2*x1(3)*x2(3)*x2(12)*x1(10)*x1(7)*x2(8)-2*x1(3)*x2(3)*x2(12)*x1(10)*x1(8)*x2(7)-2*x1(3)*x2(3)*x1(10)*x2(11)*x1(7)*x2(9)+2*x1(3)*x2(3)*x1(10)*x2(11)*x1(9)*x2(7)+2*x1(3)*x2(3)*x1(11)*x2(10)*x1(7)*x2(9)-2*x1(3)*x2(3)*x1(11)*x2(10)*x1(9)*x2(7)-2*x1(3)*x2(3)*x1(12)*x2(10)*x1(7)*x2(8)+2*x1(3)*x2(3)*x1(12)*x2(10)*x1(8)*x2(7);
    C(12) = 2*x1(3)*x2(3)*x2(12)*x1(10)*x1(7)*x2(8)+2*x1(3)*x2(3)*x2(12)*x1(10)*x1(8)*x2(7)-2*x1(3)*x2(3)*x1(10)*x2(11)*x1(7)*x2(9)-2*x1(3)*x2(3)*x1(10)*x2(11)*x1(9)*x2(7)+2*x1(3)*x2(3)*x1(12)*x2(10)*x1(8)*x2(7)-2*x1(3)*x2(3)*x1(11)*x2(10)*x1(7)*x2(9)-2*x1(3)*x2(3)*x1(11)*x2(10)*x1(9)*x2(7)+2*x1(3)*x2(3)*x1(12)*x2(10)*x1(7)*x2(8);
    C(15) = -4*x1(3)*x2(3)*x1(10)*x2(10)*x1(7)*x2(8)-4*x1(3)*x2(3)*x1(10)*x2(10)*x1(8)*x2(7)-4*x1(3)*x2(3)*x1(11)*x2(11)*x1(7)*x2(8)-4*x1(3)*x2(3)*x1(11)*x2(11)*x1(8)*x2(7)+4*x1(3)*x2(3)*x1(11)*x2(10)*x1(7)*x2(7)+4*x1(3)*x2(3)*x1(11)*x2(10)*x1(8)*x2(8)-4*x1(3)*x2(3)*x1(12)*x2(11)*x1(7)*x2(9)+4*x1(3)*x2(3)*x1(12)*x2(10)*x1(8)*x2(9)+4*x1(3)*x2(3)*x2(12)*x1(10)*x1(9)*x2(8)-4*x1(3)*x2(3)*x2(12)*x1(11)*x1(9)*x2(7)+4*x1(3)*x2(3)*x1(10)*x2(11)*x1(7)*x2(7)+4*x1(3)*x2(3)*x1(10)*x2(11)*x1(8)*x2(8);
    C(24) = 4*x1(3)*x2(3)*x2(12)*x1(10)*x1(7)*x2(7)+4*x1(3)*x2(3)*x2(12)*x1(10)*x1(8)*x2(8)+2*x1(3)*x2(3)*x2(12)*x1(11)*x1(7)*x2(8)-2*x1(3)*x2(3)*x2(12)*x1(11)*x1(8)*x2(7)-2*x1(3)*x2(3)*x1(10)*x2(11)*x1(8)*x2(9)-2*x1(3)*x2(3)*x1(10)*x2(11)*x1(9)*x2(8)-4*x1(3)*x2(3)*x1(10)*x2(10)*x1(7)*x2(9)+4*x1(3)*x2(3)*x1(10)*x2(10)*x1(9)*x2(7)-4*x1(3)*x2(3)*x1(11)*x2(11)*x1(7)*x2(9)+4*x1(3)*x2(3)*x1(11)*x2(11)*x1(9)*x2(7)+2*x1(3)*x2(3)*x1(11)*x2(10)*x1(8)*x2(9)+2*x1(3)*x2(3)*x1(11)*x2(10)*x1(9)*x2(8)+2*x1(3)*x2(3)*x1(12)*x2(11)*x1(7)*x2(8)-2*x1(3)*x2(3)*x1(12)*x2(11)*x1(8)*x2(7)-4*x1(3)*x2(3)*x1(12)*x2(10)*x1(7)*x2(7)-4*x1(3)*x2(3)*x1(12)*x2(10)*x1(8)*x2(8);
    C(18) = -2*x1(3)*x2(3)*x2(12)*x1(10)*x1(7)*x2(8)+2*x1(3)*x2(3)*x2(12)*x1(10)*x1(8)*x2(7)+4*x1(3)*x2(3)*x2(12)*x1(11)*x1(7)*x2(7)+4*x1(3)*x2(3)*x2(12)*x1(11)*x1(8)*x2(8)+2*x1(3)*x2(3)*x1(10)*x2(11)*x1(7)*x2(9)-2*x1(3)*x2(3)*x1(10)*x2(11)*x1(9)*x2(7)+2*x1(3)*x2(3)*x1(12)*x2(10)*x1(7)*x2(8)-2*x1(3)*x2(3)*x1(12)*x2(10)*x1(8)*x2(7)-4*x1(3)*x2(3)*x1(10)*x2(10)*x1(8)*x2(9)-4*x1(3)*x2(3)*x1(10)*x2(10)*x1(9)*x2(8)-4*x1(3)*x2(3)*x1(11)*x2(11)*x1(8)*x2(9)-4*x1(3)*x2(3)*x1(11)*x2(11)*x1(9)*x2(8)-2*x1(3)*x2(3)*x1(11)*x2(10)*x1(7)*x2(9)+2*x1(3)*x2(3)*x1(11)*x2(10)*x1(9)*x2(7)+4*x1(3)*x2(3)*x1(12)*x2(11)*x1(7)*x2(7)+4*x1(3)*x2(3)*x1(12)*x2(11)*x1(8)*x2(8);
    C(40) = -16*x1(3)*x2(3)*x1(5)*x1(7)*x2(7)*x2(5);
    C(41) = -16*x1(3)*x2(3)*x1(10)*x2(10)*x1(5)*x2(5);
    C(42) = -16*x1(3)*x2(3)*x1(10)*x2(10)*x1(8)*x2(8)+16*x1(3)*x2(3)*x1(11)*x2(11)*x1(7)*x2(7);
    C(46) = -4*x1(3)*x2(3)*x1(5)*x1(7)*x2(8)*x2(5)+4*x1(3)*x2(3)*x1(5)*x1(8)*x2(7)*x2(5)-4*x1(3)*x2(3)*x1(6)*x1(7)*x2(5)*x2(9)+4*x1(3)*x2(3)*x1(5)*x2(6)*x1(9)*x2(7);
    C(31) = -4*x1(3)*x2(3)*x1(6)*x1(7)*x2(5)*x2(9)+4*x1(3)*x2(3)*x1(5)*x2(6)*x1(9)*x2(7)+4*x1(3)*x2(3)*x1(5)*x1(7)*x2(8)*x2(5)-4*x1(3)*x2(3)*x1(5)*x1(8)*x2(7)*x2(5);
    C(52) = -2*x1(3)*x2(3)*x1(6)*x1(8)*x2(7)*x2(5)-2*x1(3)*x2(3)*x1(5)*x2(6)*x1(7)*x2(8)+2*x1(3)*x2(3)*x1(5)*x2(6)*x1(8)*x2(7)+2*x1(3)*x2(3)*x1(6)*x1(7)*x2(8)*x2(5);
    C(47) = -4*x1(3)*x2(3)*x1(10)*x2(11)*x1(5)*x2(5)+4*x1(3)*x2(3)*x1(11)*x2(10)*x1(5)*x2(5)+4*x1(3)*x2(3)*x1(12)*x2(10)*x1(5)*x2(6)-4*x1(3)*x2(3)*x2(12)*x1(10)*x1(6)*x2(5);
    C(53) = -2*x1(3)*x2(3)*x1(10)*x2(11)*x1(5)*x2(6)+2*x1(3)*x2(3)*x1(10)*x2(11)*x1(6)*x2(5)+2*x1(3)*x2(3)*x1(11)*x2(10)*x1(5)*x2(6)-2*x1(3)*x2(3)*x1(11)*x2(10)*x1(6)*x2(5);
    C(32) = -4*x1(3)*x2(3)*x2(12)*x1(10)*x1(6)*x2(5)+4*x1(3)*x2(3)*x1(10)*x2(11)*x1(5)*x2(5)-4*x1(3)*x2(3)*x1(11)*x2(10)*x1(5)*x2(5)+4*x1(3)*x2(3)*x1(12)*x2(10)*x1(5)*x2(6);
    C(49) = 4*x1(3)*x2(3)*x1(5)*x1(8)*x2(5)*x2(9)-4*x1(3)*x2(3)*x1(5)*x1(9)*x2(8)*x2(5)+4*x1(3)*x2(3)*x1(6)*x1(7)*x2(7)*x2(5)+4*x1(3)*x2(3)*x1(6)*x1(8)*x2(8)*x2(5)-4*x1(3)*x2(3)*x1(5)*x2(6)*x1(7)*x2(7)-4*x1(3)*x2(3)*x1(5)*x2(6)*x1(8)*x2(8);
    C(28) = -4*x1(3)*x2(3)*x1(5)*x1(9)*x2(8)*x2(5)-4*x1(3)*x2(3)*x1(6)*x1(7)*x2(7)*x2(5)+4*x1(3)*x2(3)*x1(6)*x1(8)*x2(8)*x2(5)+4*x1(3)*x2(3)*x1(5)*x2(6)*x1(7)*x2(7)-4*x1(3)*x2(3)*x1(5)*x2(6)*x1(8)*x2(8)+4*x1(3)*x2(3)*x1(5)*x1(8)*x2(5)*x2(9);
    C(37) = -2*x1(3)*x2(3)*x1(5)*x2(6)*x1(7)*x2(8)-2*x1(3)*x2(3)*x1(5)*x2(6)*x1(8)*x2(7)+4*x1(3)*x2(3)*x1(5)*x1(7)*x2(5)*x2(9)+4*x1(3)*x2(3)*x1(5)*x1(9)*x2(7)*x2(5)-2*x1(3)*x2(3)*x1(6)*x1(7)*x2(8)*x2(5)-2*x1(3)*x2(3)*x1(6)*x1(8)*x2(7)*x2(5);
    C(43) = 2*x1(3)*x2(3)*x1(5)*x2(6)*x1(7)*x2(8)-2*x1(3)*x2(3)*x1(5)*x2(6)*x1(8)*x2(7)-4*x1(3)*x2(3)*x1(5)*x1(7)*x2(5)*x2(9)-4*x1(3)*x2(3)*x1(5)*x1(9)*x2(7)*x2(5)-2*x1(3)*x2(3)*x1(6)*x1(7)*x2(8)*x2(5)+2*x1(3)*x2(3)*x1(6)*x1(8)*x2(7)*x2(5);
