function [C,M] = coefs_relpose_7p_fr_1s(data)

    x1 = data{1};
    x2 = data{2};

    r1 = x1(1,:).^2+x1(2,:).^2;

    M = [x1(1,:).*x2(1,:); x1(2,:).*x2(1,:); x1(1,:).*x2(2,:); x1(2,:).*x2(2,:);...
        x1(1,:); x1(2,:); x2(1,:); r1.*x2(1,:); x2(2,:); r1.*x2(2,:); r1; ones(1,7)]';

    M = M(:,1:7)\M(:,8:end);

    % G = F*F'*w;
    G([80, 34]) = -M(1);
    G([91, 73]) = -M(2);
    G([81, 35]) = -M(8);
    G([92, 74]) = -M(9);
    G([86, 39]) = -M(10);
    G([97, 78]) = -M(11);
    G([82, 37]) = -M(17);
    G([93, 76]) = -M(18);
    G([31, 88]) = -M(26);
    G([70, 99]) = -M(27);
    G([30, 85]) = -M(29);
    G([69, 96]) = -M(30);
    G([29, 89]) = -M(33);
    G([68, 100]) = -M(34);
    G([32, 87]) = -M(12)-M(31);
    G([79, 33]) = -M(15)-M(3);
    G([90, 72]) = -M(16)-M(4);
    G([83, 38]) = -M(19)-M(24);
    G([84, 36]) = -M(22)-M(5);
    G([95, 75]) = -M(23)-M(6);
    G([94, 77]) = -M(25)-M(20);
    G([71, 98]) = -M(32)-M(13);
    G(62) = M(2)^2+M(4)^2+M(6)^2;
    G(9) = M(5)^2+M(1)^2+M(3)^2;
    G(67) = M(9)^2+M(11)^2+M(13)^2;
    G(14) = M(10)^2+M(8)^2+M(12)^2;
    G(8) = M(15)^2+M(19)^2+M(17)^2;
    G(61) = M(16)^2+M(18)^2+M(20)^2;
    G(66) = M(23)^2+M(25)^2+M(27)^2;
    G(13) = M(24)^2+M(26)^2+M(22)^2;
    G(1) = M(29)^2+M(31)^2+M(33)^2;
    G(54) = M(34)^2+M(30)^2+M(32)^2;
    G([23, 48]) = M(1)*M(2)+M(3)*M(4)+M(5)*M(6);
    G(4) = 2*M(1)*M(8)+2*M(3)*M(10)+2*M(5)*M(12);
    G(5) = 2*M(1)*M(15)+2*M(3)*M(17)+2*M(5)*M(19);
    G(6) = 2*M(1)*M(22)+2*M(3)*M(24)+2*M(5)*M(26);
    G(10) = 2*M(1)*M(29)+2*M(3)*M(31)+2*M(5)*M(33);
    G(57) = 2*M(2)*M(9)+2*M(4)*M(11)+2*M(6)*M(13);
    G(58) = 2*M(2)*M(16)+2*M(4)*M(18)+2*M(6)*M(20);
    G(59) = 2*M(2)*M(23)+2*M(4)*M(25)+2*M(6)*M(27);
    G(63) = 2*M(2)*M(30)+2*M(4)*M(32)+2*M(6)*M(34);
    G([28, 53]) = M(8)*M(9)+M(12)*M(13)+M(10)*M(11);
    G(11) = 2*M(8)*M(15)+2*M(10)*M(17)+2*M(12)*M(19);
    G(64) = 2*M(9)*M(16)+2*M(11)*M(18)+2*M(13)*M(20);
    G(3) = 2*M(10)*M(31)+2*M(12)*M(33)+2*M(8)*M(29);
    G(56) = 2*M(11)*M(32)+2*M(13)*M(34)+2*M(9)*M(30);
    G([22, 47]) = M(15)*M(16)+M(17)*M(18)+M(19)*M(20);
    G(7) = 2*M(15)*M(22)+2*M(17)*M(24)+2*M(19)*M(26);
    G(60) = 2*M(16)*M(23)+2*M(18)*M(25)+2*M(20)*M(27);
    G(55) = 2*M(23)*M(30)+2*M(25)*M(32)+2*M(27)*M(34);
    G([27, 52]) = M(24)*M(25)+M(26)*M(27)+M(22)*M(23);
    G(2) = 2*M(24)*M(31)+2*M(26)*M(33)+2*M(22)*M(29);
    G([15, 40]) = M(31)*M(32)+M(29)*M(30)+M(33)*M(34);
    G([20, 45]) = M(1)*M(23)+M(22)*M(2)+M(3)*M(25)+M(24)*M(4)+M(5)*M(27)+M(26)*M(6);
    G([24, 49]) = M(1)*M(30)+M(29)*M(2)+M(3)*M(32)+M(31)*M(4)+M(5)*M(34)+M(33)*M(6);
    G([18, 43]) = M(5)*M(13)+M(12)*M(6)+M(1)*M(9)+M(8)*M(2)+M(3)*M(11)+M(10)*M(4);
    G([25, 50]) = M(8)*M(16)+M(15)*M(9)+M(10)*M(18)+M(17)*M(11)+M(12)*M(20)+M(19)*M(13);
    G(12) = 2*M(8)*M(22)+2*M(15)*M(29)+2*M(10)*M(24)+2*M(17)*M(31)+2*M(12)*M(26)+2*M(19)*M(33);
    G(65) = 2*M(11)*M(25)+2*M(18)*M(32)+2*M(13)*M(27)+2*M(20)*M(34)+2*M(9)*M(23)+2*M(16)*M(30);
    G([17, 42]) = M(12)*M(34)+M(10)*M(32)+M(8)*M(30)+M(33)*M(13)+M(29)*M(9)+M(31)*M(11);
    G([21, 46]) = M(15)*M(23)+M(22)*M(16)+M(17)*M(25)+M(24)*M(18)+M(19)*M(27)+M(26)*M(20);
    G([19, 44]) = M(17)*M(4)+M(5)*M(20)+M(19)*M(6)+M(1)*M(16)+M(15)*M(2)+M(3)*M(18);
    G([16, 41]) = M(26)*M(34)+M(31)*M(25)+M(33)*M(27)+M(22)*M(30)+M(24)*M(32)+M(29)*M(23);
    G([26, 51]) = M(15)*M(30)+M(22)*M(9)+M(29)*M(16)+M(10)*M(25)+M(17)*M(32)+M(24)*M(11)+M(31)*M(18)+M(12)*M(27)+M(19)*M(34)+M(26)*M(13)+M(33)*M(20)+M(8)*M(23);

    C = zeros(11,56);

    C([170, 184, 192, 206, 341, 363, 478, 492, 572, 573]) = 1;
    C(229) = 2*G(79);
    C([193, 350]) = 2*G(81);
    C(223) = 2*G(83);
    C(226) = 2*G(84);
    C([347, 482]) = 2*G(85);
    C(190) = 2*G(86);
    C(344) = 2*G(87);
    C(476) = 2*G(89);
    C(230) = 2*G(90);
    C([194, 351]) = 2*G(92);
    C(224) = 2*G(94);
    C(227) = 2*G(95);
    C([348, 483]) = 2*G(96);
    C(191) = 2*G(97);
    C(345) = 2*G(98);
    C(477) = 2*G(100);
    C(610) = -2*G(29)*M(29)-2*G(68)*M(30);
    C(613) = -2*G(29)*M(31)-2*G(68)*M(32);
    C(580) = -2*G(30)*M(31)-2*G(69)*M(32);
    C(555) = -2*G(31)*M(22)-2*G(70)*M(23);
    C(558) = -2*G(31)*M(24)-2*G(70)*M(25);
    C(96) = -2*G(34)*M(3)-2*G(73)*M(4);
    C(371) = -2*G(35)*M(10)-2*G(74)*M(11);
    C(374) = -2*G(35)*M(12)-2*G(74)*M(13);
    C(126) = -2*G(37)*M(15)-2*G(76)*M(16);
    C(379) = -2*G(39)*M(8)-2*G(78)*M(9);
    C(385) = -2*G(39)*M(12)-2*G(78)*M(13);
    C(583) = -2*G(69)*M(34)-2*G(30)*M(33);
    C(99) = -2*G(73)*M(6)-2*G(34)*M(5);
    C(132) = -2*G(76)*M(20)-2*G(37)*M(19);
    C(90) = M(6)*M(3)-M(5)*M(4);
    C(376) = -M(8)*M(13)+M(12)*M(9);
    C(365) = M(13)*M(10)-M(12)*M(11);
    C(123) = -M(15)*M(20)+M(19)*M(16);
    C(552) = M(22)*M(25)-M(24)*M(23);
    C(607) = M(29)*M(32)-M(31)*M(30);
    C(574) = M(34)*M(31)-M(33)*M(32);
    C(72) = 2*G(79)+M(3);
    C(58) = 2*G(79)+M(15);
    C(47) = 2*G(80)+M(1);
    C(248) = 2*G(83)+M(24);
    C(333) = 2*G(85)+M(29);
    C(493) = 2*G(87)+M(12);
    C(358) = 2*G(87)+M(31);
    C(570) = 2*G(89)+M(33);
    C(180) = 2*G(92)+M(9);
    C(70) = 2*G(93)+M(2);
    C(417) = 2*G(94)+M(20);
    C(395) = 2*G(95)+M(6);
    C(334) = 2*G(96)+M(30);
    C(362) = 2*G(97)+M(34);
    C(494) = 2*G(98)+M(13);
    C(359) = 2*G(98)+M(32);
    C(389) = 2*G(99)+M(2);
    C(527) = 2*G(99)+M(27);
    C(69) = M(1)+2*G(82);
    C(388) = M(1)+2*G(88);
    C(48) = M(2)+2*G(91);
    C(73) = M(4)+2*G(90);
    C(394) = M(5)+2*G(84);
    C(179) = M(8)+2*G(81);
    C(204) = M(10)+2*G(86);
    C(490) = M(10)+2*G(89);
    C(205) = M(11)+2*G(97);
    C(491) = M(11)+2*G(100);
    C(59) = M(16)+2*G(90);
    C(61) = M(17)+2*G(80);
    C(83) = M(17)+2*G(82);
    C(413) = M(17)+2*G(88);
    C(62) = M(18)+2*G(91);
    C(84) = M(18)+2*G(93);
    C(414) = M(18)+2*G(99);
    C(416) = M(19)+2*G(83);
    C(212) = M(22)+2*G(84);
    C(213) = M(23)+2*G(95);
    C(249) = M(25)+2*G(94);
    C(218) = M(26)+2*G(80);
    C(251) = M(26)+2*G(82);
    C(526) = M(26)+2*G(88);
    C(219) = M(27)+2*G(91);
    C(252) = M(27)+2*G(93);
    C(361) = M(33)+2*G(86);
    C(571) = M(34)+2*G(100);
    C(39) = -G(8)*M(17)+G(61)*M(17)-2*G(47)*M(18);
    C(6) = -G(9)*M(3)+G(62)*M(3)-2*G(48)*M(4);
    C(466) = G(13)*M(23)-2*G(27)*M(22)-G(66)*M(23);
    C(468) = -G(13)*M(24)-2*G(52)*M(25)+G(66)*M(24);
    C(471) = -G(13)*M(26)-2*G(52)*M(27)+G(66)*M(26);
    C(472) = G(13)*M(27)-2*G(27)*M(26)-G(66)*M(27);
    C(609) = -2*G(15)*M(29)+G(1)*M(30)-G(54)*M(30);
    C(612) = -2*G(15)*M(31)-G(54)*M(32)+G(1)*M(32);
    C(615) = -2*G(15)*M(33)+G(1)*M(34)-G(54)*M(34);
    C(43) = -2*G(22)*M(19)-G(61)*M(20)+G(8)*M(20);
    C(10) = -2*G(23)*M(5)-G(62)*M(6)+G(9)*M(6);
    C(469) = -2*G(27)*M(24)-G(66)*M(25)+G(13)*M(25);
    C(384) = -2*G(28)*M(12)-G(67)*M(13)+G(14)*M(13);
    C(36) = -2*G(47)*M(16)+G(61)*M(15)-G(8)*M(15);
    C(3) = -2*G(48)*M(2)+M(1)*G(62)-M(1)*G(9);
    C(465) = -2*G(52)*M(23)+G(66)*M(22)-G(13)*M(22);
    C(380) = -2*G(53)*M(11)+G(67)*M(10)-G(14)*M(10);
    C(608) = G(54)*M(29)-2*G(40)*M(30)-G(1)*M(29);
    C(611) = G(54)*M(31)-G(1)*M(31)-2*G(40)*M(32);
    C(614) = G(54)*M(33)-2*G(40)*M(34)-G(1)*M(33);
    C(37) = -G(61)*M(16)-2*G(22)*M(15)+G(8)*M(16);
    C(40) = -G(61)*M(18)+G(8)*M(18)-2*G(22)*M(17);
    C(42) = G(61)*M(19)-2*G(47)*M(20)-G(8)*M(19);
    C(4) = -G(62)*M(2)-2*M(1)*G(23)+G(9)*M(2);
    C(7) = -G(62)*M(4)+G(9)*M(4)-2*G(23)*M(3);
    C(9) = G(62)*M(5)-2*G(48)*M(6)-G(9)*M(5);
    C(377) = G(67)*M(8)-2*G(53)*M(9)-G(14)*M(8);
    C(378) = -G(67)*M(9)+G(14)*M(9)-2*G(28)*M(8);
    C(381) = -G(67)*M(11)+G(14)*M(11)-2*G(28)*M(10);
    C(383) = G(67)*M(12)-G(14)*M(12)-2*G(53)*M(13);
    C(599) = -2*G(29)*M(22)-2*G(31)*M(29)-2*G(68)*M(23)-2*G(70)*M(30);
    C(602) = -2*G(29)*M(24)-2*G(31)*M(31)-2*G(68)*M(25)-2*G(70)*M(32);
    C(407) = -2*G(30)*M(5)-2*G(69)*M(6)-2*G(34)*M(33)-2*G(73)*M(34);
    C(506) = -2*G(30)*M(12)-2*G(69)*M(13)-2*G(35)*M(33)-2*G(74)*M(34);
    C(577) = -2*G(30)*M(29)-2*G(69)*M(30)-G(1)-G(54);
    C(511) = -2*G(32)*M(8)-2*G(71)*M(9)-2*G(39)*M(29)-2*G(78)*M(30);
