% Input: coefficient matrix C of size 11x56

% Monomial vector: [x^3*z^3, x^2*z^3*y, y^2*z^3*x, y^3*z^3, z*w*x^3, y*x^2*w*z, w*y^2*x*z, w*y^3*z, x^3*z^2, z^2*x^2*y, x*y^2*z^2, y^3*z^2, x^2*z^3, x*z^3*y, y^2*z^3, w*x^3, w*x^2*y, w*x*y^2, y^3*w, z*w*x^2, z*w*x*y, x^2*z*y, z*w*y^2, x*z*y^2, y^3*z, z^2*x^2, y*x*z^2, y^2*z^2, z^3*x, z^3*y, w*x^2, w*y*x, y^2*w, x*y^2, y^3, x*z*w, z*x^2, w*y*z, z*x*y, y^2*z, x*z^2, y*z^2, z^3, w*x, y*w, x*y, y^2, z*w, x*z, y*z, z^2, w, x, y, z, 1]

function [x, y, z] = std_55x74_colpiv_relpose_7p_fr_1s(C)

    i_dx = [1, 1, 1, 1, 1, 1, 2, 2, 2, 2, 3, 4, 4, 4, 4, 4, 4, 5, 5, 5, 5, 5, 5, 6, 6, 6, 6, 6, 6, 7, 7, 7, 7, 7, 7, 8, 8, 8, 8, 8, 8, 9, 9, 9, 9, 9, 9, 10, 10, 10, 10, 10, 10, 11, 11, 11, 11, 11, 11, 12, 12, 12, 12, 12, 12, 13, 13, 13, 13, 13, 13, 14, 14, 14, 14, 14, 14, 15, 15, 15, 15, 15, 15, 16, 16, 16, 16, 16, 16, 17, 17, 17, 17, 17, 17, 18, 18, 18, 18, 18, 18, 19, 19, 19, 19, 19, 19, 20, 20, 20, 20, 20, 20, 21, 21, 21, 21, 21, 21, 22, 22, 22, 22, 22, 22, 23, 23, 23, 23, 23, 23, 24, 24, 24, 24, 24, 24, 25, 25, 25, 25, 25, 25, 26, 26, 26, 26, 26, 26, 27, 27, 27, 27, 27, 27, 28, 28, 28, 28, 28, 28, 29, 29, 29, 29, 29, 29, 30, 30, 30, 30, 30, 30, 31, 31, 31, 31, 31, 31, 32, 32, 32, 32, 32, 32, 33, 33, 33, 33, 33, 33, 33, 33, 33, 33, 33, 33, 33, 33, 33, 33, 33, 33, 33, 33, 33, 33, 33, 33, 33, 33, 34, 34, 34, 34, 34, 34, 34, 34, 34, 34, 34, 34, 34, 34, 34, 34, 34, 34, 34, 34, 34, 34, 34, 34, 34, 34, 35, 35, 35, 35, 35, 35, 35, 35, 35, 35, 35, 35, 35, 35, 35, 35, 35, 35, 35, 35, 35, 35, 35, 35, 35, 35, 36, 36, 36, 36, 36, 36, 36, 36, 36, 36, 36, 36, 36, 36, 36, 36, 36, 36, 36, 36, 36, 36, 36, 36, 36, 36, 37, 37, 37, 37, 37, 37, 37, 37, 37, 37, 37, 37, 37, 37, 37, 37, 37, 37, 37, 37, 37, 37, 37, 37, 37, 37, 38, 38, 38, 38, 38, 38, 38, 38, 38, 38, 38, 38, 38, 38, 38, 38, 38, 38, 38, 38, 38, 38, 38, 38, 38, 38, 38, 38, 38, 38, 38, 38, 38, 38, 38, 38, 38, 38, 38, 38, 38, 39, 39, 39, 39, 39, 39, 39, 39, 39, 39, 39, 39, 39, 39, 39, 39, 39, 39, 39, 39, 39, 39, 39, 39, 39, 39, 39, 39, 39, 39, 39, 39, 39, 39, 39, 39, 39, 39, 39, 39, 39, 40, 40, 40, 40, 40, 40, 40, 40, 40, 40, 40, 40, 40, 40, 40, 40, 40, 40, 40, 40, 40, 40, 40, 40, 40, 40, 40, 41, 41, 41, 41, 41, 41, 41, 41, 41, 41, 41, 41, 41, 41, 41, 41, 41, 41, 41, 41, 41, 41, 41, 41, 41, 41, 41, 41, 41, 42, 42, 42, 42, 42, 42, 42, 42, 42, 42, 42, 42, 42, 42, 42, 42, 42, 42, 42, 42, 42, 42, 42, 42, 42, 42, 42, 42, 43, 43, 43, 43, 43, 43, 43, 43, 43, 43, 43, 43, 43, 43, 43, 43, 43, 43, 43, 43, 43, 43, 43, 43, 43, 43, 43, 43, 43, 43, 43, 43, 43, 43, 43, 43, 43, 43, 43, 43, 43, 44, 44, 44, 44, 44, 44, 44, 44, 44, 44, 44, 44, 44, 44, 44, 44, 44, 44, 44, 44, 44, 44, 44, 44, 44, 44, 44, 44, 44, 44, 44, 44, 44, 44, 44, 44, 44, 44, 44, 44, 44, 45, 45, 45, 45, 45, 45, 45, 45, 45, 45, 45, 45, 45, 45, 45, 45, 45, 45, 45, 45, 45, 45, 45, 45, 45, 45, 45, 45, 46, 46, 46, 46, 46, 46, 46, 46, 46, 46, 46, 46, 46, 46, 46, 46, 46, 46, 46, 46, 46, 46, 46, 46, 46, 46, 46, 47, 47, 47, 47, 47, 47, 47, 47, 47, 47, 47, 47, 47, 47, 47, 47, 47, 47, 47, 47, 47, 47, 47, 47, 47, 47, 47, 47, 48, 48, 48, 48, 48, 48, 48, 48, 48, 48, 48, 48, 48, 48, 48, 48, 48, 48, 48, 48, 48, 48, 48, 48, 48, 48, 48, 48, 49, 49, 49, 49, 49, 49, 49, 49, 49, 49, 49, 49, 49, 49, 49, 49, 49, 49, 49, 49, 49, 49, 49, 49, 49, 49, 49, 49, 49, 49, 49, 49, 49, 49, 49, 49, 49, 49, 49, 49, 49, 49, 49, 50, 50, 50, 50, 50, 50, 50, 50, 50, 50, 50, 50, 50, 50, 50, 50, 50, 50, 50, 50, 50, 50, 50, 50, 50, 50, 50, 50, 50, 50, 50, 50, 50, 50, 50, 50, 50, 50, 50, 50, 50, 50, 50, 51, 51, 51, 51, 51, 51, 51, 51, 51, 51, 51, 51, 51, 51, 51, 51, 51, 51, 51, 51, 51, 51, 51, 51, 51, 51, 51, 51, 51, 52, 52, 52, 52, 52, 52, 52, 52, 52, 52, 52, 52, 52, 52, 52, 52, 52, 52, 52, 52, 52, 52, 52, 52, 52, 52, 52, 52, 53, 53, 53, 53, 53, 53, 53, 53, 53, 53, 53, 53, 53, 53, 53, 53, 53, 53, 53, 53, 53, 53, 53, 53, 53, 53, 53, 53, 54, 54, 54, 54, 54, 54, 54, 54, 54, 54, 54, 54, 54, 54, 54, 54, 54, 54, 54, 54, 54, 54, 54, 54, 54, 54, 54, 55, 55, 55, 55, 55, 55, 55, 55, 55, 55, 55, 55, 55, 55, 55, 55, 55, 55, 55, 55, 55, 55, 55, 55, 55, 55, 55];
    j_dx = [12, 13, 19, 20, 23, 27, 14, 15, 21, 22, 28, 1, 2, 7, 30, 31, 35, 30, 31, 35, 45, 46, 55, 45, 46, 50, 51, 55, 59, 2, 3, 8, 31, 32, 36, 31, 32, 36, 46, 47, 56, 46, 47, 51, 52, 56, 60, 7, 8, 16, 35, 36, 39, 35, 36, 39, 55, 56, 63, 55, 56, 59, 60, 63, 66, 3, 4, 9, 32, 33, 37, 32, 33, 37, 47, 48, 57, 47, 48, 52, 53, 57, 61, 8, 9, 17, 36, 37, 40, 36, 37, 40, 56, 57, 64, 56, 57, 60, 61, 64, 67, 16, 17, 25, 39, 40, 42, 39, 40, 42, 63, 64, 69, 63, 64, 66, 67, 69, 71, 33, 34, 38, 48, 49, 58, 48, 49, 53, 54, 58, 62, 9, 10, 18, 37, 38, 41, 37, 38, 41, 57, 58, 65, 57, 58, 61, 62, 65, 68, 17, 18, 26, 40, 41, 43, 40, 41, 43, 64, 65, 70, 64, 65, 67, 68, 70, 72, 25, 26, 29, 42, 43, 44, 42, 43, 44, 69, 70, 73, 69, 70, 71, 72, 73, 74, 1, 2, 3, 4, 7, 8, 9, 16, 17, 25, 31, 32, 33, 35, 36, 37, 39, 40, 42, 47, 48, 56, 57, 63, 64, 69, 30, 31, 32, 33, 35, 36, 37, 39, 40, 42, 46, 47, 48, 52, 53, 55, 56, 57, 60, 61, 63, 64, 66, 67, 69, 71, 31, 32, 33, 34, 36, 37, 38, 40, 41, 43, 47, 48, 49, 53, 54, 56, 57, 58, 61, 62, 64, 65, 67, 68, 70, 72, 7, 8, 9, 10, 16, 17, 18, 25, 26, 29, 36, 37, 38, 39, 40, 41, 42, 43, 44, 57, 58, 64, 65, 69, 70, 73, 35, 36, 37, 38, 39, 40, 41, 42, 43, 44, 56, 57, 58, 61, 62, 63, 64, 65, 67, 68, 69, 70, 71, 72, 73, 74, 7, 8, 9, 10, 12, 13, 14, 15, 16, 17, 18, 20, 21, 22, 23, 24, 25, 26, 27, 28, 29, 36, 37, 38, 39, 40, 41, 42, 43, 44, 57, 58, 62, 64, 65, 68, 69, 70, 72, 73, 74, 7, 8, 9, 10, 12, 13, 14, 15, 16, 17, 18, 20, 21, 22, 23, 24, 25, 26, 27, 28, 29, 36, 37, 38, 39, 40, 41, 42, 43, 44, 57, 58, 62, 64, 65, 68, 69, 70, 72, 73, 74, 11, 31, 32, 33, 34, 36, 37, 38, 40, 41, 43, 47, 48, 49, 53, 54, 56, 57, 58, 61, 62, 64, 65, 67, 68, 70, 72, 7, 8, 9, 10, 12, 14, 16, 17, 18, 25, 26, 28, 29, 36, 37, 38, 39, 40, 41, 42, 43, 44, 57, 58, 64, 65, 69, 70, 73, 19, 21, 35, 36, 37, 38, 39, 40, 41, 42, 43, 44, 56, 57, 58, 61, 62, 63, 64, 65, 67, 68, 69, 70, 71, 72, 73, 74, 7, 8, 9, 10, 12, 13, 14, 15, 16, 17, 18, 20, 21, 22, 23, 24, 25, 26, 27, 28, 29, 36, 37, 38, 39, 40, 41, 42, 43, 44, 57, 58, 62, 64, 65, 68, 69, 70, 72, 73, 74, 7, 8, 9, 10, 12, 13, 14, 15, 16, 17, 18, 20, 21, 22, 23, 24, 25, 26, 27, 28, 29, 36, 37, 38, 39, 40, 41, 42, 43, 44, 57, 58, 62, 64, 65, 68, 69, 70, 72, 73, 74, 1, 2, 3, 4, 6, 7, 8, 9, 16, 17, 24, 25, 31, 32, 33, 35, 36, 37, 39, 40, 42, 47, 48, 56, 57, 63, 64, 69, 11, 30, 31, 32, 33, 35, 36, 37, 39, 40, 42, 46, 47, 48, 52, 53, 55, 56, 57, 60, 61, 63, 64, 66, 67, 69, 71, 7, 8, 9, 10, 13, 15, 16, 17, 18, 25, 26, 29, 36, 37, 38, 39, 40, 41, 42, 43, 44, 57, 58, 64, 65, 69, 70, 73, 20, 22, 35, 36, 37, 38, 39, 40, 41, 42, 43, 44, 56, 57, 58, 61, 62, 63, 64, 65, 67, 68, 69, 70, 71, 72, 73, 74, 1, 2, 3, 4, 5, 6, 7, 8, 9, 11, 12, 13, 14, 16, 17, 19, 20, 21, 23, 24, 25, 27, 28, 31, 32, 33, 35, 36, 37, 39, 40, 42, 47, 48, 53, 56, 57, 61, 63, 64, 67, 69, 71, 1, 2, 3, 4, 5, 6, 7, 8, 9, 11, 12, 13, 14, 16, 17, 19, 20, 21, 23, 24, 25, 27, 28, 31, 32, 33, 35, 36, 37, 39, 40, 42, 47, 48, 53, 56, 57, 61, 63, 64, 67, 69, 71, 1, 2, 3, 4, 7, 8, 9, 12, 14, 16, 17, 25, 28, 31, 32, 33, 35, 36, 37, 39, 40, 42, 47, 48, 56, 57, 63, 64, 69, 19, 21, 30, 31, 32, 33, 35, 36, 37, 39, 40, 42, 46, 47, 48, 52, 53, 55, 56, 57, 60, 61, 63, 64, 66, 67, 69, 71, 20, 22, 31, 32, 33, 34, 36, 37, 38, 40, 41, 43, 47, 48, 49, 53, 54, 56, 57, 58, 61, 62, 64, 65, 67, 68, 70, 72, 7, 8, 9, 10, 16, 17, 18, 23, 25, 26, 29, 36, 37, 38, 39, 40, 41, 42, 43, 44, 57, 58, 64, 65, 69, 70, 73, 27, 35, 36, 37, 38, 39, 40, 41, 42, 43, 44, 56, 57, 58, 61, 62, 63, 64, 65, 67, 68, 69, 70, 71, 72, 73, 74];
