function [C,U,dU] = coefs_opt_pnp_zheng(data)

    M = data{1};

    C = zeros(4,24);
    C(1) = 4*M(39)^2+4*M(40)^2+4*M(21)^2+4*M(22)^2+4*M(23)^2+4*M(24)^2+4*M(25)^2+4*M(26)^2+4*M(27)^2+4*M(28)^2+4*M(29)^2+4*M(30)^2+4*M(31)^2+4*M(32)^2+4*M(33)^2+4*M(34)^2+4*M(35)^2+4*M(36)^2+4*M(37)^2+4*M(38)^2;
    C(82) = 4*M(120)^2+4*M(101)^2+4*M(102)^2+4*M(103)^2+4*M(104)^2+4*M(105)^2+4*M(106)^2+4*M(107)^2+4*M(108)^2+4*M(109)^2+4*M(110)^2+4*M(111)^2+4*M(112)^2+4*M(113)^2+4*M(114)^2+4*M(115)^2+4*M(116)^2+4*M(117)^2+4*M(118)^2+4*M(119)^2;
    C(15) = 4*M(179)^2+4*M(180)^2+4*M(161)^2+4*M(162)^2+4*M(163)^2+4*M(164)^2+4*M(165)^2+4*M(166)^2+4*M(167)^2+4*M(168)^2+4*M(169)^2+4*M(170)^2+4*M(171)^2+4*M(172)^2+4*M(173)^2+4*M(174)^2+4*M(175)^2+4*M(176)^2+4*M(177)^2+4*M(178)^2;
    C(40) = 4*M(215)^2+4*M(216)^2+4*M(217)^2+4*M(218)^2+4*M(219)^2+4*M(220)^2+4*M(201)^2+4*M(202)^2+4*M(203)^2+4*M(204)^2+4*M(205)^2+4*M(206)^2+4*M(207)^2+4*M(208)^2+4*M(209)^2+4*M(210)^2+4*M(211)^2+4*M(212)^2+4*M(213)^2+4*M(214)^2;
    C(77) = 4*M(1)*M(21)+4*M(2)*M(22)+4*M(3)*M(23)+4*M(4)*M(24)+4*M(5)*M(25)+4*M(6)*M(26)+4*M(7)*M(27)+4*M(8)*M(28)+4*M(9)*M(29)+4*M(10)*M(30)+4*M(11)*M(31)+4*M(12)*M(32)+4*M(13)*M(33)+4*M(14)*M(34)+4*M(15)*M(35)+4*M(16)*M(36)+4*M(17)*M(37)+4*M(18)*M(38)+4*M(19)*M(39)+4*M(20)*M(40);
    C([78,93]) = 2*M(1)*M(41)+2*M(2)*M(42)+2*M(3)*M(43)+2*M(4)*M(44)+2*M(5)*M(45)+2*M(6)*M(46)+2*M(7)*M(47)+2*M(8)*M(48)+2*M(9)*M(49)+2*M(10)*M(50)+2*M(11)*M(51)+2*M(12)*M(52)+2*M(13)*M(53)+2*M(14)*M(54)+2*M(15)*M(55)+2*M(16)*M(56)+2*M(17)*M(57)+2*M(18)*M(58)+2*M(19)*M(59)+2*M(20)*M(60);
    C([80,89]) = 2*M(1)*M(81)+2*M(2)*M(82)+2*M(3)*M(83)+2*M(4)*M(84)+2*M(5)*M(85)+2*M(6)*M(86)+2*M(7)*M(87)+2*M(8)*M(88)+2*M(9)*M(89)+2*M(10)*M(90)+2*M(11)*M(91)+2*M(12)*M(92)+2*M(13)*M(93)+2*M(14)*M(94)+2*M(15)*M(95)+2*M(16)*M(96)+2*M(17)*M(97)+2*M(18)*M(98)+2*M(19)*M(99)+2*M(20)*M(100);
    C(94) = 4*M(1)*M(101)+4*M(2)*M(102)+4*M(3)*M(103)+4*M(4)*M(104)+4*M(5)*M(105)+4*M(6)*M(106)+4*M(7)*M(107)+4*M(8)*M(108)+4*M(9)*M(109)+4*M(10)*M(110)+4*M(11)*M(111)+4*M(12)*M(112)+4*M(13)*M(113)+4*M(14)*M(114)+4*M(15)*M(115)+4*M(16)*M(116)+4*M(17)*M(117)+4*M(18)*M(118)+4*M(19)*M(119)+4*M(20)*M(120);
    C([90,96]) = 2*M(1)*M(141)+2*M(2)*M(142)+2*M(3)*M(143)+2*M(4)*M(144)+2*M(5)*M(145)+2*M(6)*M(146)+2*M(7)*M(147)+2*M(8)*M(148)+2*M(9)*M(149)+2*M(10)*M(150)+2*M(11)*M(151)+2*M(12)*M(152)+2*M(13)*M(153)+2*M(14)*M(154)+2*M(15)*M(155)+2*M(16)*M(156)+2*M(17)*M(157)+2*M(18)*M(158)+2*M(19)*M(159)+2*M(20)*M(160);
    C(87) = 4*M(1)*M(161)+4*M(2)*M(162)+4*M(3)*M(163)+4*M(4)*M(164)+4*M(5)*M(165)+4*M(6)*M(166)+4*M(7)*M(167)+4*M(8)*M(168)+4*M(9)*M(169)+4*M(10)*M(170)+4*M(11)*M(171)+4*M(12)*M(172)+4*M(13)*M(173)+4*M(14)*M(174)+4*M(15)*M(175)+4*M(16)*M(176)+4*M(17)*M(177)+4*M(18)*M(178)+4*M(19)*M(179)+4*M(20)*M(180);
    C(92) = 4*M(1)*M(201)+4*M(2)*M(202)+4*M(3)*M(203)+4*M(4)*M(204)+4*M(5)*M(205)+4*M(6)*M(206)+4*M(7)*M(207)+4*M(8)*M(208)+4*M(9)*M(209)+4*M(10)*M(210)+4*M(11)*M(211)+4*M(12)*M(212)+4*M(13)*M(213)+4*M(14)*M(214)+4*M(15)*M(215)+4*M(16)*M(216)+4*M(17)*M(217)+4*M(18)*M(218)+4*M(19)*M(219)+4*M(20)*M(220);
    C([88,91]) = 2*M(6)*M(186)+2*M(7)*M(187)+2*M(8)*M(188)+2*M(9)*M(189)+2*M(10)*M(190)+2*M(11)*M(191)+2*M(12)*M(192)+2*M(13)*M(193)+2*M(14)*M(194)+2*M(15)*M(195)+2*M(16)*M(196)+2*M(17)*M(197)+2*M(18)*M(198)+2*M(19)*M(199)+2*M(20)*M(200)+2*M(1)*M(181)+2*M(2)*M(182)+2*M(3)*M(183)+2*M(4)*M(184)+2*M(5)*M(185);
    C([79,85]) = 2*M(9)*M(69)+2*M(10)*M(70)+2*M(11)*M(71)+2*M(12)*M(72)+2*M(13)*M(73)+2*M(14)*M(74)+2*M(15)*M(75)+2*M(16)*M(76)+2*M(17)*M(77)+2*M(18)*M(78)+2*M(19)*M(79)+2*M(20)*M(80)+2*M(1)*M(61)+2*M(2)*M(62)+2*M(3)*M(63)+2*M(4)*M(64)+2*M(5)*M(65)+2*M(6)*M(66)+2*M(7)*M(67)+2*M(8)*M(68);
    C([86,95]) = 2*M(11)*M(131)+2*M(12)*M(132)+2*M(13)*M(133)+2*M(14)*M(134)+2*M(15)*M(135)+2*M(16)*M(136)+2*M(17)*M(137)+2*M(18)*M(138)+2*M(19)*M(139)+2*M(20)*M(140)+2*M(1)*M(121)+2*M(2)*M(122)+2*M(3)*M(123)+2*M(4)*M(124)+2*M(5)*M(125)+2*M(6)*M(126)+2*M(7)*M(127)+2*M(8)*M(128)+2*M(9)*M(129)+2*M(10)*M(130);
    C(5) = 6*M(21)*M(61)+6*M(22)*M(62)+6*M(23)*M(63)+6*M(24)*M(64)+6*M(25)*M(65)+6*M(26)*M(66)+6*M(27)*M(67)+6*M(28)*M(68)+6*M(29)*M(69)+6*M(30)*M(70)+6*M(31)*M(71)+6*M(32)*M(72)+6*M(33)*M(73)+6*M(34)*M(74)+6*M(35)*M(75)+6*M(36)*M(76)+6*M(37)*M(77)+6*M(38)*M(78)+6*M(39)*M(79)+6*M(40)*M(80);
    C(4) = 2*M(21)*M(81)+2*M(22)*M(82)+2*M(23)*M(83)+2*M(24)*M(84)+2*M(25)*M(85)+2*M(26)*M(86)+2*M(27)*M(87)+2*M(28)*M(88)+2*M(29)*M(89)+2*M(30)*M(90)+2*M(31)*M(91)+2*M(32)*M(92)+2*M(33)*M(93)+2*M(34)*M(94)+2*M(35)*M(95)+2*M(36)*M(96)+2*M(37)*M(97)+2*M(38)*M(98)+2*M(39)*M(99)+2*M(40)*M(100);
    C(17) = 6*M(24)*M(84)+6*M(25)*M(85)+6*M(26)*M(86)+6*M(27)*M(87)+6*M(28)*M(88)+6*M(29)*M(89)+6*M(30)*M(90)+6*M(31)*M(91)+6*M(32)*M(92)+6*M(33)*M(93)+6*M(34)*M(94)+6*M(35)*M(95)+6*M(36)*M(96)+6*M(37)*M(97)+6*M(38)*M(98)+6*M(39)*M(99)+6*M(40)*M(100)+6*M(21)*M(81)+6*M(22)*M(82)+6*M(23)*M(83);
    C(2) = 2*M(26)*M(46)+2*M(27)*M(47)+2*M(28)*M(48)+2*M(29)*M(49)+2*M(30)*M(50)+2*M(31)*M(51)+2*M(32)*M(52)+2*M(33)*M(53)+2*M(34)*M(54)+2*M(35)*M(55)+2*M(36)*M(56)+2*M(37)*M(57)+2*M(38)*M(58)+2*M(39)*M(59)+2*M(40)*M(60)+2*M(21)*M(41)+2*M(22)*M(42)+2*M(23)*M(43)+2*M(24)*M(44)+2*M(25)*M(45);
    C(41) = 6*M(32)*M(52)+6*M(33)*M(53)+6*M(34)*M(54)+6*M(35)*M(55)+6*M(36)*M(56)+6*M(37)*M(57)+6*M(38)*M(58)+6*M(39)*M(59)+6*M(40)*M(60)+6*M(21)*M(41)+6*M(22)*M(42)+6*M(23)*M(43)+6*M(24)*M(44)+6*M(25)*M(45)+6*M(26)*M(46)+6*M(27)*M(47)+6*M(28)*M(48)+6*M(29)*M(49)+6*M(30)*M(50)+6*M(31)*M(51);
    C(3) = 2*M(37)*M(77)+2*M(38)*M(78)+2*M(39)*M(79)+2*M(40)*M(80)+2*M(21)*M(61)+2*M(22)*M(62)+2*M(23)*M(63)+2*M(24)*M(64)+2*M(25)*M(65)+2*M(26)*M(66)+2*M(27)*M(67)+2*M(28)*M(68)+2*M(29)*M(69)+2*M(30)*M(70)+2*M(31)*M(71)+2*M(32)*M(72)+2*M(33)*M(73)+2*M(34)*M(74)+2*M(35)*M(75)+2*M(36)*M(76);
    C(81) = 2*M(41)*M(101)+2*M(42)*M(102)+2*M(43)*M(103)+2*M(44)*M(104)+2*M(45)*M(105)+2*M(46)*M(106)+2*M(47)*M(107)+2*M(48)*M(108)+2*M(49)*M(109)+2*M(50)*M(110)+2*M(51)*M(111)+2*M(52)*M(112)+2*M(53)*M(113)+2*M(54)*M(114)+2*M(55)*M(115)+2*M(56)*M(116)+2*M(57)*M(117)+2*M(58)*M(118)+2*M(59)*M(119)+2*M(60)*M(120);
    C(66) = 6*M(59)*M(119)+6*M(60)*M(120)+6*M(41)*M(101)+6*M(42)*M(102)+6*M(43)*M(103)+6*M(44)*M(104)+6*M(45)*M(105)+6*M(46)*M(106)+6*M(47)*M(107)+6*M(48)*M(108)+6*M(49)*M(109)+6*M(50)*M(110)+6*M(51)*M(111)+6*M(52)*M(112)+6*M(53)*M(113)+6*M(54)*M(114)+6*M(55)*M(115)+6*M(56)*M(116)+6*M(57)*M(117)+6*M(58)*M(118);
    C(13) = 2*M(61)*M(161)+2*M(62)*M(162)+2*M(63)*M(163)+2*M(64)*M(164)+2*M(65)*M(165)+2*M(66)*M(166)+2*M(67)*M(167)+2*M(68)*M(168)+2*M(69)*M(169)+2*M(70)*M(170)+2*M(71)*M(171)+2*M(72)*M(172)+2*M(73)*M(173)+2*M(74)*M(174)+2*M(75)*M(175)+2*M(76)*M(176)+2*M(77)*M(177)+2*M(78)*M(178)+2*M(79)*M(179)+2*M(80)*M(180);
    C(11) = 6*M(68)*M(168)+6*M(69)*M(169)+6*M(70)*M(170)+6*M(71)*M(171)+6*M(72)*M(172)+6*M(73)*M(173)+6*M(74)*M(174)+6*M(75)*M(175)+6*M(76)*M(176)+6*M(77)*M(177)+6*M(78)*M(178)+6*M(79)*M(179)+6*M(80)*M(180)+6*M(61)*M(161)+6*M(62)*M(162)+6*M(63)*M(163)+6*M(64)*M(164)+6*M(65)*M(165)+6*M(66)*M(166)+6*M(67)*M(167);
    C(37) = 2*M(88)*M(208)+2*M(89)*M(209)+2*M(90)*M(210)+2*M(91)*M(211)+2*M(92)*M(212)+2*M(93)*M(213)+2*M(94)*M(214)+2*M(95)*M(215)+2*M(96)*M(216)+2*M(97)*M(217)+2*M(98)*M(218)+2*M(99)*M(219)+2*M(100)*M(220)+2*M(81)*M(201)+2*M(82)*M(202)+2*M(83)*M(203)+2*M(84)*M(204)+2*M(85)*M(205)+2*M(86)*M(206)+2*M(87)*M(207);
    C(32) = 6*M(95)*M(215)+6*M(96)*M(216)+6*M(97)*M(217)+6*M(98)*M(218)+6*M(99)*M(219)+6*M(100)*M(220)+6*M(81)*M(201)+6*M(82)*M(202)+6*M(83)*M(203)+6*M(84)*M(204)+6*M(85)*M(205)+6*M(86)*M(206)+6*M(87)*M(207)+6*M(88)*M(208)+6*M(89)*M(209)+6*M(90)*M(210)+6*M(91)*M(211)+6*M(92)*M(212)+6*M(93)*M(213)+6*M(94)*M(214);
    C(83) = 2*M(101)*M(121)+2*M(102)*M(122)+2*M(103)*M(123)+2*M(104)*M(124)+2*M(105)*M(125)+2*M(106)*M(126)+2*M(107)*M(127)+2*M(108)*M(128)+2*M(109)*M(129)+2*M(110)*M(130)+2*M(111)*M(131)+2*M(112)*M(132)+2*M(113)*M(133)+2*M(114)*M(134)+2*M(115)*M(135)+2*M(116)*M(136)+2*M(117)*M(137)+2*M(118)*M(138)+2*M(119)*M(139)+2*M(120)*M(140);
