% Input: coefficient matrix C of size 4x20

% Monomial vector: [w^2*x, y*w*x, y^2*x, x*z*w, y*z*x, z^2*x, w^2, x*w, w*y, y*x, y^2, z*w, z*x, y*z, z^2, w, x, y, z, 1]

function [w, x, y, z] = std_p4p_fr_colpiv_sprs(C)

    i_dx = [1, 1, 1, 1, 1, 1, 1, 1, 1, 1, 2, 2, 2, 2, 2, 2, 2, 2, 2, 2, 3, 3, 3, 3, 3, 3, 3, 3, 3, 3, 4, 4, 4, 4, 4, 4, 4, 4, 4, 4, 5, 5, 5, 5, 5, 5, 5, 5, 5, 5, 6, 6, 6, 6, 6, 6, 6, 6, 6, 6, 7, 7, 7, 7, 7, 7, 7, 7, 7, 7, 8, 8, 8, 8, 8, 8, 8, 8, 8, 8, 9, 9, 9, 9, 9, 9, 9, 9, 9, 9, 10, 10, 10, 10, 10, 10, 10, 10, 10, 10, 11, 11, 11, 11, 11, 11, 11, 11, 11, 11, 12, 12, 12, 12, 12, 12, 12, 12, 12, 12, 13, 13, 13, 13, 13, 13, 13, 13, 13, 13, 14, 14, 14, 14, 14, 14, 14, 14, 14, 14, 15, 15, 15, 15, 15, 15, 15, 15, 15, 15, 16, 16, 16, 16, 16, 16, 16, 16, 16, 16, 17, 17, 17, 17, 17, 17, 17, 17, 17, 17, 18, 18, 18, 18, 18, 18, 18, 18, 18, 18, 19, 19, 19, 19, 19, 19, 19, 19, 19, 19, 19, 19, 19, 19, 19, 19, 19, 19, 19, 19, 20, 20, 20, 20, 20, 20, 20, 20, 20, 20, 20, 20, 20, 20, 20, 20, 20, 20, 20, 20, 21, 21, 21, 21, 21, 21, 21, 21, 21, 21, 21, 21, 21, 21, 21, 21, 21, 21, 21, 21, 22, 22, 22, 22, 22, 22, 22, 22, 22, 22, 22, 22, 22, 22, 22, 22, 22, 22, 22, 22, 23, 23, 23, 23, 23, 23, 23, 23, 23, 23, 23, 23, 23, 23, 23, 23, 23, 23, 23, 23, 24, 24, 24, 24, 24, 24, 24, 24, 24, 24, 24, 24, 24, 24, 24, 24, 24, 24, 24, 24, 25, 25, 25, 25, 25, 25, 25, 25, 25, 25, 25, 25, 25, 25, 25, 25, 25, 25, 25, 25, 26, 26, 26, 26, 26, 26, 26, 26, 26, 26, 26, 26, 26, 26, 26, 26, 26, 26, 26, 26, 27, 27, 27, 27, 27, 27, 27, 27, 27, 27, 27, 27, 27, 27, 27, 27, 27, 27, 27, 27, 28, 28, 28, 28, 28, 28, 28, 28, 28, 28, 28, 28, 28, 28, 28, 28, 28, 28, 28, 28, 29, 29, 29, 29, 29, 29, 29, 29, 29, 29, 29, 29, 29, 29, 29, 29, 29, 29, 29, 29, 30, 30, 30, 30, 30, 30, 30, 30, 30, 30, 30, 30, 30, 30, 30, 30, 30, 30, 30, 30, 31, 31, 31, 31, 31, 31, 31, 31, 31, 31, 31, 31, 31, 31, 31, 31, 31, 31, 31, 31, 32, 32, 32, 32, 32, 32, 32, 32, 32, 32, 32, 32, 32, 32, 32, 32, 32, 32, 32, 32, 33, 33, 33, 33, 33, 33, 33, 33, 33, 33, 33, 33, 33, 33, 33, 33, 33, 33, 33, 33, 34, 34, 34, 34, 34, 34, 34, 34, 34, 34, 34, 34, 34, 34, 34, 34, 34, 34, 34, 34, 35, 35, 35, 35, 35, 35, 35, 35, 35, 35, 35, 35, 35, 35, 35, 35, 35, 35, 35, 35, 36, 36, 36, 36, 36, 36, 36, 36, 36, 36, 36, 36, 36, 36, 36, 36, 36, 36, 36, 36, 37, 37, 37, 37, 37, 37, 37, 37, 37, 37, 38, 38, 38, 38, 38, 38, 38, 38, 38, 38, 39, 39, 39, 39, 39, 39, 39, 39, 39, 39, 40, 40, 40, 40, 40, 40, 40, 40, 40, 40, 41, 41, 41, 41, 41, 41, 41, 41, 41, 41, 42, 42, 42, 42, 42, 42, 42, 42, 42, 42, 43, 43, 43, 43, 43, 43, 43, 43, 43, 43, 44, 44, 44, 44, 44, 44, 44, 44, 44, 44, 45, 45, 45, 45, 45, 45, 45, 45, 45, 45, 46, 46, 46, 46, 46, 46, 46, 46, 46, 46, 47, 47, 47, 47, 47, 47, 47, 47, 47, 47, 48, 48, 48, 48, 48, 48, 48, 48, 48, 48, 49, 49, 49, 49, 49, 49, 49, 49, 49, 49, 50, 50, 50, 50, 50, 50, 50, 50, 50, 50, 51, 51, 51, 51, 51, 51, 51, 51, 51, 51, 52, 52, 52, 52, 52, 52, 52, 52, 52, 52];
    j_dx = [11, 12, 13, 15, 16, 18, 31, 32, 35, 42, 14, 15, 16, 17, 18, 19, 34, 35, 37, 47, 20, 31, 32, 34, 35, 37, 40, 42, 47, 56, 21, 22, 23, 25, 26, 28, 41, 43, 48, 57, 24, 25, 26, 27, 28, 29, 46, 48, 51, 60, 30, 41, 43, 46, 48, 51, 55, 57, 60, 64, 1, 2, 3, 12, 13, 16, 32, 33, 36, 44, 2, 3, 4, 15, 16, 18, 35, 36, 38, 49, 31, 32, 33, 35, 36, 38, 42, 44, 49, 58, 3, 4, 5, 17, 18, 19, 37, 38, 39, 52, 34, 35, 36, 37, 38, 39, 47, 49, 52, 61, 40, 42, 44, 47, 49, 52, 56, 58, 61, 65, 6, 7, 8, 22, 23, 26, 43, 45, 50, 59, 7, 8, 9, 25, 26, 28, 48, 50, 53, 62, 41, 43, 45, 48, 50, 53, 57, 59, 62, 66, 8, 9, 10, 27, 28, 29, 51, 53, 54, 63, 46, 48, 50, 51, 53, 54, 60, 62, 63, 67, 55, 57, 59, 60, 62, 63, 64, 66, 67, 68, 11, 12, 13, 15, 16, 18, 21, 22, 23, 25, 26, 28, 31, 32, 35, 41, 42, 43, 48, 57, 14, 15, 16, 17, 18, 19, 24, 25, 26, 27, 28, 29, 34, 35, 37, 46, 47, 48, 51, 60, 20, 30, 31, 32, 34, 35, 37, 40, 41, 42, 43, 46, 47, 48, 51, 55, 56, 57, 60, 64, 1, 2, 3, 6, 7, 8, 12, 13, 16, 22, 23, 26, 32, 33, 36, 43, 44, 45, 50, 59, 2, 3, 4, 7, 8, 9, 15, 16, 18, 25, 26, 28, 35, 36, 38, 48, 49, 50, 53, 62, 31, 32, 33, 35, 36, 38, 41, 42, 43, 44, 45, 48, 49, 50, 53, 57, 58, 59, 62, 66, 3, 4, 5, 8, 9, 10, 17, 18, 19, 27, 28, 29, 37, 38, 39, 51, 52, 53, 54, 63, 34, 35, 36, 37, 38, 39, 46, 47, 48, 49, 50, 51, 52, 53, 54, 60, 61, 62, 63, 67, 40, 42, 44, 47, 49, 52, 55, 56, 57, 58, 59, 60, 61, 62, 63, 64, 65, 66, 67, 68, 11, 12, 13, 15, 16, 18, 21, 22, 23, 25, 26, 28, 31, 32, 35, 41, 42, 43, 48, 57, 14, 15, 16, 17, 18, 19, 24, 25, 26, 27, 28, 29, 34, 35, 37, 46, 47, 48, 51, 60, 20, 30, 31, 32, 34, 35, 37, 40, 41, 42, 43, 46, 47, 48, 51, 55, 56, 57, 60, 64, 1, 2, 3, 6, 7, 8, 12, 13, 16, 22, 23, 26, 32, 33, 36, 43, 44, 45, 50, 59, 2, 3, 4, 7, 8, 9, 15, 16, 18, 25, 26, 28, 35, 36, 38, 48, 49, 50, 53, 62, 31, 32, 33, 35, 36, 38, 41, 42, 43, 44, 45, 48, 49, 50, 53, 57, 58, 59, 62, 66, 3, 4, 5, 8, 9, 10, 17, 18, 19, 27, 28, 29, 37, 38, 39, 51, 52, 53, 54, 63, 34, 35, 36, 37, 38, 39, 46, 47, 48, 49, 50, 51, 52, 53, 54, 60, 61, 62, 63, 67, 40, 42, 44, 47, 49, 52, 55, 56, 57, 58, 59, 60, 61, 62, 63, 64, 65, 66, 67, 68, 11, 12, 13, 15, 16, 18, 31, 32, 35, 42, 14, 15, 16, 17, 18, 19, 34, 35, 37, 47, 20, 31, 32, 34, 35, 37, 40, 42, 47, 56, 21, 22, 23, 25, 26, 28, 41, 43, 48, 57, 24, 25, 26, 27, 28, 29, 46, 48, 51, 60, 30, 41, 43, 46, 48, 51, 55, 57, 60, 64, 1, 2, 3, 12, 13, 16, 32, 33, 36, 44, 2, 3, 4, 15, 16, 18, 35, 36, 38, 49, 31, 32, 33, 35, 36, 38, 42, 44, 49, 58, 3, 4, 5, 17, 18, 19, 37, 38, 39, 52, 34, 35, 36, 37, 38, 39, 47, 49, 52, 61, 40, 42, 44, 47, 49, 52, 56, 58, 61, 65, 6, 7, 8, 22, 23, 26, 43, 45, 50, 59, 7, 8, 9, 25, 26, 28, 48, 50, 53, 62, 41, 43, 45, 48, 50, 53, 57, 59, 62, 66, 8, 9, 10, 27, 28, 29, 51, 53, 54, 63];
