function C = coefs_optpose2pt_v2(data)

    U = data{1};
    u = data{2};

    C = zeros(141,166);

    C([14542, 14672, 14966, 15395, 15954, 20047]) = -2*U(1)*u(7);
    C([11313, 11451, 11717, 12137, 12289, 12713, 13568, 13706, 13990, 14530, 15387, 16380, 16929, 17077, 17370, 17794, 17924, 18202, 18763, 18906, 19614, 20589, 20605, 20733, 20735, 21011, 21029, 21437, 21458, 22000, 22017, 22561, 22585]) = 2*U(1)*u(7);
    C([14965, 15095, 15248, 15677]) = -2*U(1)*u(8);
    C([11736, 11874, 11999, 12701, 12853, 13136, 13991, 14129, 14272, 14403, 14953, 15669, 16944, 17352, 17500, 17652, 18217, 18347, 18484, 18637, 19186, 19329, 19896, 21012, 21028, 21156, 21158, 21293, 21311, 21719, 21740, 22282, 22843]) = 2*U(1)*u(8);
    C([7774, 7904, 8057, 8204, 8763, 15958]) = -2*U(2)*u(8);
    C([4545, 4683, 4949, 5792, 5944, 6227, 6659, 6797, 7081, 7762, 8196, 12150, 12699, 12847, 13140, 13564, 13694, 13972, 14533, 14676, 15384, 18756, 18772, 18900, 18902, 19178, 19196, 19604, 19625, 20026, 20043, 21997, 22021]) = 2*U(2)*u(8);
    C(20048) = -4*U(3)*u(8);
    C([6237, 6500, 6646, 7070, 7787, 7925, 8068, 8199, 8760, 14551, 14681, 14959, 15394, 15948, 20027]) = -2*U(3)*u(8);
    C([1722, 2264, 3959, 4111, 4535, 6634, 8768, 10740, 11289, 11437, 11730, 13546, 13689, 16953, 17357, 17769, 17785, 17913, 18191, 18209, 18785, 18923, 19207, 19603, 19620, 20040, 20614, 20744, 21022, 21433, 21457, 22011, 22565, 22586]) = 2*U(3)*u(8);
    C([14575, 14705, 14999, 15987, 20080]) = -2*U(4)*u(11);
    C([11345, 11483, 11750, 12170, 12322, 12746, 13600, 13738, 14022, 14563, 15420, 16413, 16962, 17110, 17402, 17826, 17957, 18235, 18796, 18939, 19647, 20622, 20638, 20766, 20768, 21044, 21062, 21470, 22033, 22050, 22594, 22618]) = 2*U(4)*u(11);
    C([14998, 15128, 15281]) = -2*U(4)*u(12);
    C([11768, 11906, 12032, 12734, 12886, 13169, 14023, 14161, 14304, 14436, 14986, 15702, 16977, 17385, 17533, 17684, 18249, 18380, 18517, 18670, 19219, 19362, 19929, 21045, 21061, 21189, 21191, 21326, 21344, 21752, 22315, 22876]) = 2*U(4)*u(12);
    C([7807, 7937, 8090, 8796, 15991]) = -2*U(5)*u(12);
    C([4577, 4715, 4982, 5825, 5977, 6260, 6691, 6829, 7113, 7795, 8229, 12183, 12732, 12880, 13172, 13596, 13727, 14005, 14566, 14709, 15417, 18789, 18805, 18933, 18935, 19211, 19229, 19637, 20059, 20076, 22030, 22054]) = 2*U(5)*u(12);
    C([6269, 6533, 6679, 7103, 7819, 7957, 8100, 8232, 8793, 14583, 14714, 14992, 15427, 15981, 20060]) = -2*U(6)*u(12);
    C([1754, 2297, 3992, 4144, 4568, 6667, 10773, 11322, 11470, 11762, 13579, 13722, 16985, 17390, 17802, 17818, 17946, 18224, 18242, 18817, 18955, 19239, 19636, 19653, 20073, 20646, 20777, 21055, 21466, 21490, 22044, 22598]) = 2*U(6)*u(12);
    C([15952, 16082, 16241, 20470, 21859]) = -2*U(1)*U(2)*u(8);
    C([13992, 14130, 14255, 14402, 14534, 14686, 14969, 15401, 15539, 15682, 15813, 15940, 16233, 18777, 19185, 19333, 19485, 19627, 19757, 19894, 20032, 20175, 20319, 21999, 22015, 22143, 22145, 22280, 22424, 22445, 23125, 23149, 23269]) = 2*U(1)*U(2)*u(8);
    C([14979, 15117, 15242, 15388, 15518, 15671, 15818, 15965, 16103, 16236, 20050, 20180, 20329, 20460]) = -2*U(1)*U(3)*u(8);
    C([13547, 13699, 13982, 14413, 15376, 15810, 17790, 18198, 18346, 18498, 18625, 19609, 19752, 21042, 21180, 21305, 21435, 21451, 21579, 21581, 21716, 21734, 21860, 21881, 22028, 22166, 22423, 22440, 22588, 22718, 22984, 23008, 23139]) = 2*U(1)*U(3)*u(8);
    C([15985, 16115, 20503, 21892]) = -2*U(4)*U(5)*u(12);
    C([14024, 14162, 14288, 14435, 14567, 14719, 15002, 15433, 15571, 15714, 15846, 15973, 16266, 18810, 19218, 19366, 19517, 19659, 19790, 19927, 20065, 20208, 20352, 22032, 22048, 22176, 22178, 22313, 22457, 23158, 23182, 23302]) = 2*U(4)*U(5)*u(12);
    C([15011, 15149, 15275, 15421, 15551, 15704, 15997, 16135, 16269, 20082, 20213, 20362, 20493]) = -2*U(4)*U(6)*u(12);
    C([13580, 13732, 14015, 14445, 15409, 15843, 17823, 18231, 18379, 18530, 18658, 19642, 19785, 21074, 21212, 21338, 21468, 21484, 21612, 21614, 21749, 21767, 21893, 22060, 22198, 22456, 22473, 22620, 22751, 23017, 23041, 23172]) = 2*U(4)*U(6)*u(12);
    C([5800, 5930, 6224, 6653, 7776, 14548, 14830]) = -u(7);
    C([6223, 6506, 7076, 8058, 14971]) = -2*u(8);
    C([597, 735, 1001, 1700, 3113, 3265, 3548, 4544, 4682, 4966, 6211, 7068, 9330, 9879, 10027, 10320, 11308, 11438, 11716, 12700, 12843, 13974, 16923, 16939, 17067, 17345, 17363, 18194, 18215, 19180, 19197, 21010, 21034]) = 2*u(8);
    C([7217, 15112]) = -2*u(9);
    C([738, 876, 1142, 1711, 1841, 1994, 3254, 3406, 3689, 4685, 4823, 5107, 5520, 6352, 7209, 9471, 10020, 10168, 10461, 11449, 11579, 11857, 12841, 12984, 14115, 17064, 17208, 17486, 18335, 18356, 19321, 21151, 21175]) = 2*u(9);
    C([6505, 7358, 15253]) = -u(10);
    C([5833, 5963, 6257, 7809, 14581, 14863]) = -u(11);
    C([6256, 6539, 8091, 15004]) = -2*u(12);
    C([629, 767, 1034, 1733, 3146, 3298, 3581, 4576, 4714, 4998, 6244, 7101, 9363, 9912, 10060, 10352, 11340, 11471, 11749, 12733, 12876, 14007, 16956, 16972, 17100, 17378, 17396, 18227, 19213, 19230, 21043, 21067]) = 2*u(12);
    C(15145) = -2*u(13);
    C([770, 908, 1175, 1744, 1874, 2027, 3287, 3439, 3722, 4717, 4855, 5139, 5553, 6385, 7242, 9504, 10053, 10201, 10493, 11481, 11612, 11890, 12874, 13017, 14148, 17097, 17241, 17519, 18368, 19354, 21184, 21208]) = 2*u(13);
    C([6538, 15286]) = -u(14);
    C([4968, 5106, 5231, 5507, 5660, 6215, 6367, 6509, 7082, 7220, 7363, 7635, 8044, 8478, 12714, 13122, 13270, 13422, 13987, 14117, 14254, 14407, 14956, 15099, 15666, 19179, 19195, 19323, 19460, 19886, 19907, 22279, 22846]) = -2*U(3)*u(9)+2*U(2)*u(10);
    C([7211, 7499, 7928, 8340, 14692, 14822, 15100, 15535, 16089, 20168, 20189]) = -2*U(3)*u(9)-2*u(7)*U(2);
    C([8056, 8486, 18616]) = 2*U(3)*u(9)-2*U(2)*u(10);
    C([1725, 1863, 1988, 2275, 2405, 4100, 4252, 4676, 5387, 5530, 6775, 7491, 10881, 11430, 11578, 11871, 13687, 13830, 17910, 18054, 18332, 18350, 18926, 19744, 19761, 20755, 20885, 21163, 21574, 21598, 22152, 22706, 22727]) = 2*U(3)*u(9)+2*u(7)*U(2);
    C([6519, 7069, 7199, 7352, 7640, 8069, 8481, 14974, 15104, 15241, 15676]) = -2*U(3)*u(10)-2*U(2)*u(9);
    C([2004, 2129, 4523, 4675, 4958, 5528, 5671, 7057, 7632, 11304, 11712, 11860, 12012, 13969, 14112, 14397, 17376, 18192, 18208, 18336, 18338, 18473, 18491, 18617, 18638, 19208, 19885, 19902, 21037, 21167, 21304, 21715, 21739]) = 2*U(3)*u(10)+2*U(2)*u(9);
    C([6551, 7102, 7232, 7385, 8101, 8514, 15006, 15137, 15274, 15709]) = -2*U(5)*u(13)-2*U(6)*u(14);
    C([2036, 2162, 4556, 4708, 4991, 5560, 5703, 7090, 7665, 11337, 11745, 11893, 12044, 14002, 14145, 14430, 17408, 18225, 18241, 18369, 18371, 18506, 18524, 18650, 19240, 19918, 19935, 21069, 21200, 21337, 21748, 21772]) = 2*U(5)*u(13)+2*U(6)*u(14);
    C([8089, 18649]) = -2*U(5)*u(14)+2*U(6)*u(13);
    C([5000, 5138, 5264, 5540, 5693, 6248, 6400, 6542, 7114, 7252, 7395, 7668, 8077, 8511, 12747, 13155, 13303, 13454, 14019, 14150, 14287, 14440, 14989, 15132, 15699, 19212, 19228, 19356, 19493, 19919, 22312, 22879]) = 2*U(5)*u(14)-2*U(6)*u(13);
    C([4686, 4824, 5090, 5366, 5519, 5933, 6085, 6368, 6800, 6938, 7222, 7494, 7903, 8337, 12291, 12840, 12988, 13281, 13705, 13835, 14113, 14674, 14817, 15525, 18897, 18913, 19041, 19319, 19745, 19766, 20167, 22138, 22162]) = -2*u(7)*U(3)+2*U(2)*u(9);
    C([7915, 8345, 16099]) = 2*u(7)*U(3)-2*U(2)*u(9);
    C([7244, 7960, 8373, 14724, 14855, 15133, 15568, 16122, 20201]) = -2*u(11)*U(5)-2*U(6)*u(13);
    C([1757, 1895, 2021, 2308, 2438, 4133, 4285, 4709, 5419, 5562, 6808, 7524, 10914, 11463, 11611, 11903, 13720, 13863, 17943, 18087, 18365, 18383, 18958, 19777, 19794, 20787, 20918, 21196, 21607, 21631, 22185, 22739]) = 2*u(11)*U(5)+2*U(6)*u(13);
    C([4718, 4856, 5123, 5399, 5552, 5966, 6118, 6401, 6832, 6970, 7254, 7527, 7936, 8370, 12324, 12873, 13021, 13313, 13737, 13868, 14146, 14707, 14850, 15558, 18930, 18946, 19074, 19352, 19778, 20200, 22171, 22195]) = -2*u(11)*U(6)+2*U(5)*u(13);
    C([7948, 16132]) = 2*u(11)*U(6)-2*U(5)*u(13);
