% Input: coefficient matrix C of size 11x56

function [x,y,z] = std_55x74_relpose_7p_fr_1s(C)

    i_dx = [1,1,1,1,1,1,2,2,2,2,3,4,4,4,4,4,4,5,5,5,5,5,5,6,6,6,6,6,6,7,7,7,7,7,7,8,8,8,8,8,8,9,9,9,9,9,9,10,10,10,10,10,10,11,11,11,11,11,11,12,12,12,12,12,12,13,13,13,13,13,13,14,14,14,14,14,14,15,15,15,15,15,15,16,16,16,16,16,16,17,17,17,17,17,17,18,18,18,18,18,18,19,19,19,19,19,19,20,20,20,20,20,20,21,21,21,21,21,21,22,22,22,22,22,22,23,23,23,23,23,23,24,24,24,24,24,24,25,25,25,25,25,25,26,26,26,26,26,26,27,27,27,27,27,27,28,28,28,28,28,28,29,29,29,29,29,29,30,30,30,30,30,30,31,31,31,31,31,31,32,32,32,32,32,32,33,33,33,33,33,33,33,33,33,33,33,33,33,33,33,33,33,33,33,33,33,33,33,33,33,33,34,34,34,34,34,34,34,34,34,34,34,34,34,34,34,34,34,34,34,34,34,34,34,34,34,34,35,35,35,35,35,35,35,35,35,35,35,35,35,35,35,35,35,35,35,35,35,35,35,35,35,35,36,36,36,36,36,36,36,36,36,36,36,36,36,36,36,36,36,36,36,36,36,36,36,36,36,36,37,37,37,37,37,37,37,37,37,37,37,37,37,37,37,37,37,37,37,37,37,37,37,37,37,37,38,38,38,38,38,38,38,38,38,38,38,38,38,38,38,38,38,38,38,38,38,38,38,38,38,38,38,38,38,38,38,38,38,38,38,38,38,38,38,38,38,39,39,39,39,39,39,39,39,39,39,39,39,39,39,39,39,39,39,39,39,39,39,39,39,39,39,39,39,39,39,39,39,39,39,39,39,39,39,39,39,39,40,40,40,40,40,40,40,40,40,40,40,40,40,40,40,40,40,40,40,40,40,40,40,40,40,40,40,40,41,41,41,41,41,41,41,41,41,41,41,41,41,41,41,41,41,41,41,41,41,41,41,41,41,41,41,42,42,42,42,42,42,42,42,42,42,42,42,42,42,42,42,42,42,42,42,42,42,42,42,42,42,42,42,42,43,43,43,43,43,43,43,43,43,43,43,43,43,43,43,43,43,43,43,43,43,43,43,43,43,43,43,43,44,44,44,44,44,44,44,44,44,44,44,44,44,44,44,44,44,44,44,44,44,44,44,44,44,44,44,44,44,44,44,44,44,44,44,44,44,44,44,44,44,45,45,45,45,45,45,45,45,45,45,45,45,45,45,45,45,45,45,45,45,45,45,45,45,45,45,45,45,45,45,45,45,45,45,45,45,45,45,45,45,45,46,46,46,46,46,46,46,46,46,46,46,46,46,46,46,46,46,46,46,46,46,46,46,46,46,46,46,46,47,47,47,47,47,47,47,47,47,47,47,47,47,47,47,47,47,47,47,47,47,47,47,47,47,47,47,48,48,48,48,48,48,48,48,48,48,48,48,48,48,48,48,48,48,48,48,48,48,48,48,48,48,48,48,49,49,49,49,49,49,49,49,49,49,49,49,49,49,49,49,49,49,49,49,49,49,49,49,49,49,49,49,50,50,50,50,50,50,50,50,50,50,50,50,50,50,50,50,50,50,50,50,50,50,50,50,50,50,50,50,50,50,50,50,50,50,50,50,50,50,50,50,50,50,50,51,51,51,51,51,51,51,51,51,51,51,51,51,51,51,51,51,51,51,51,51,51,51,51,51,51,51,51,51,51,51,51,51,51,51,51,51,51,51,51,51,51,51,52,52,52,52,52,52,52,52,52,52,52,52,52,52,52,52,52,52,52,52,52,52,52,52,52,52,52,52,52,53,53,53,53,53,53,53,53,53,53,53,53,53,53,53,53,53,53,53,53,53,53,53,53,53,53,53,53,54,54,54,54,54,54,54,54,54,54,54,54,54,54,54,54,54,54,54,54,54,54,54,54,54,54,54,54,55,55,55,55,55,55,55,55,55,55,55,55,55,55,55,55,55,55,55,55,55,55,55,55,55,55,55];
    j_dx = [17,18,28,29,32,38,19,20,30,31,39,1,2,7,8,12,21,7,8,21,44,45,51,44,45,51,59,60,66,2,3,8,9,13,22,8,9,22,43,44,50,43,44,50,58,59,65,12,13,21,22,25,46,21,22,46,50,51,61,50,51,61,65,66,71,3,4,9,10,14,23,9,10,23,42,43,49,42,43,49,57,58,64,13,14,22,23,26,34,22,23,34,49,50,54,49,50,54,64,65,69,25,26,34,36,46,52,34,46,52,54,61,67,54,61,67,69,71,73,10,11,24,41,42,48,41,42,48,56,57,63,14,15,23,24,27,35,23,24,35,48,49,53,48,49,53,63,64,68,26,27,34,35,37,40,34,35,40,53,54,55,53,54,55,68,69,70,36,37,40,47,52,62,40,52,55,62,67,72,55,67,70,72,73,74,1,2,3,4,8,9,10,12,13,14,21,22,23,25,26,34,36,42,43,46,49,50,52,54,61,67,7,8,9,10,21,22,23,34,42,43,44,46,49,50,51,52,54,57,58,61,64,65,67,69,71,73,8,9,10,11,22,23,24,34,35,40,41,42,43,48,49,50,53,54,55,56,57,63,64,68,69,70,12,13,14,15,22,23,24,25,26,27,34,35,36,37,40,46,47,48,49,52,53,54,55,62,67,72,21,22,23,24,34,35,40,46,48,49,50,52,53,54,55,61,62,63,64,67,68,69,70,72,73,74,12,13,14,15,17,18,19,20,22,23,24,25,26,27,29,30,31,32,33,34,35,36,37,38,39,40,46,47,48,49,52,53,54,55,62,63,67,68,70,72,74,12,13,14,15,17,18,19,20,22,23,24,25,26,27,29,30,31,32,33,34,35,36,37,38,39,40,46,47,48,49,52,53,54,55,62,63,67,68,70,72,74,1,2,3,4,5,8,9,10,12,13,14,21,22,23,25,26,32,34,36,42,43,46,49,50,52,54,61,67,8,9,10,11,16,22,23,24,34,35,40,41,42,43,48,49,50,53,54,55,56,57,63,64,68,69,70,12,13,14,15,17,19,22,23,24,25,26,27,34,35,36,37,39,40,46,47,48,49,52,53,54,55,62,67,72,21,22,23,24,28,30,34,35,40,46,48,49,50,52,53,54,55,61,62,63,64,67,68,69,70,72,73,74,12,13,14,15,17,18,19,20,22,23,24,25,26,27,29,30,31,32,33,34,35,36,37,38,39,40,46,47,48,49,52,53,54,55,62,63,67,68,70,72,74,12,13,14,15,17,18,19,20,22,23,24,25,26,27,29,30,31,32,33,34,35,36,37,38,39,40,46,47,48,49,52,53,54,55,62,63,67,68,70,72,74,1,2,3,4,6,8,9,10,12,13,14,21,22,23,25,26,33,34,36,42,43,46,49,50,52,54,61,67,7,8,9,10,16,21,22,23,34,42,43,44,46,49,50,51,52,54,57,58,61,64,65,67,69,71,73,12,13,14,15,18,20,22,23,24,25,26,27,34,35,36,37,40,46,47,48,49,52,53,54,55,62,67,72,21,22,23,24,29,31,34,35,40,46,48,49,50,52,53,54,55,61,62,63,64,67,68,69,70,72,73,74,1,2,3,4,5,6,8,9,10,12,13,14,16,17,18,19,21,22,23,25,26,28,29,30,32,33,34,36,38,39,42,43,46,49,50,52,54,57,61,64,67,69,73,1,2,3,4,5,6,8,9,10,12,13,14,16,17,18,19,21,22,23,25,26,28,29,30,32,33,34,36,38,39,42,43,46,49,50,52,54,57,61,64,67,69,73,1,2,3,4,8,9,10,12,13,14,17,19,21,22,23,25,26,34,36,39,42,43,46,49,50,52,54,61,67,7,8,9,10,21,22,23,28,30,34,42,43,44,46,49,50,51,52,54,57,58,61,64,65,67,69,71,73,8,9,10,11,22,23,24,29,31,34,35,40,41,42,43,48,49,50,53,54,55,56,57,63,64,68,69,70,12,13,14,15,22,23,24,25,26,27,32,34,35,36,37,40,46,47,48,49,52,53,54,55,62,67,72];
