function C = coefs_gp4p_scale(data)

    b = data{1};

    C = zeros(10,21);

    C(8) = b(1)*b(2)+b(4)*b(5)+b(7)*b(8);
    C(9) = b(1)*b(3)+b(4)*b(6)+b(7)*b(9);
    C(5) = b(1)*b(4)+b(2)*b(5)+b(3)*b(6);
    C(6) = b(3)*b(9)+b(1)*b(7)+b(2)*b(8);
    C(7) = b(4)*b(7)+b(5)*b(8)+b(6)*b(9);
    C(10) = b(5)*b(6)+b(8)*b(9)+b(2)*b(3);
    C(28) = b(14)*b(15)+b(17)*b(18)+b(20)*b(21);
    C(29) = b(14)*b(16)+b(17)*b(19)+b(20)*b(22);
    C(25) = b(14)*b(17)+b(15)*b(18)+b(16)*b(19);
    C(26) = b(16)*b(22)+b(14)*b(20)+b(15)*b(21);
    C(27) = b(17)*b(20)+b(18)*b(21)+b(19)*b(22);
    C(30) = b(18)*b(19)+b(21)*b(22)+b(15)*b(16);
    C(58) = b(27)*b(28)+b(30)*b(31)+b(33)*b(34);
    C(59) = b(27)*b(29)+b(30)*b(32)+b(33)*b(35);
    C(55) = b(27)*b(30)+b(28)*b(31)+b(29)*b(32);
    C(56) = b(29)*b(35)+b(27)*b(33)+b(28)*b(34);
    C(57) = b(30)*b(33)+b(31)*b(34)+b(32)*b(35);
    C(60) = b(31)*b(32)+b(34)*b(35)+b(28)*b(29);
    C(98) = b(40)*b(41)+b(43)*b(44)+b(46)*b(47);
    C(99) = b(40)*b(42)+b(43)*b(45)+b(46)*b(48);
    C(95) = b(40)*b(43)+b(41)*b(44)+b(42)*b(45);
    C(96) = b(42)*b(48)+b(40)*b(46)+b(41)*b(47);
    C(97) = b(43)*b(46)+b(44)*b(47)+b(45)*b(48);
    C(100) = b(44)*b(45)+b(47)*b(48)+b(41)*b(42);
    C(148) = b(53)*b(54)+b(56)*b(57)+b(59)*b(60);
    C(149) = b(53)*b(55)+b(56)*b(58)+b(59)*b(61);
    C(145) = b(53)*b(56)+b(54)*b(57)+b(55)*b(58);
    C(146) = b(54)*b(60)+b(55)*b(61)+b(53)*b(59);
    C(147) = b(56)*b(59)+b(57)*b(60)+b(58)*b(61);
    C(150) = b(57)*b(58)+b(60)*b(61)+b(54)*b(55);
    C(208) = b(66)*b(67)+b(69)*b(70)+b(72)*b(73);
    C(209) = b(66)*b(68)+b(69)*b(71)+b(72)*b(74);
    C(205) = b(66)*b(69)+b(67)*b(70)+b(68)*b(71);
    C(206) = b(66)*b(72)+b(67)*b(73)+b(68)*b(74);
    C(210) = b(67)*b(68)+b(70)*b(71)+b(73)*b(74);
    C(207) = b(69)*b(72)+b(70)*b(73)+b(71)*b(74);
    C(3) = b(1)^2-b(5)^2-b(6)^2+b(7)^2;
    C(23) = b(14)^2-b(18)^2-b(19)^2+b(20)^2;
    C(53) = b(27)^2-b(31)^2-b(32)^2+b(33)^2;
    C(93) = b(40)^2-b(44)^2-b(45)^2+b(46)^2;
    C(143) = b(53)^2-b(57)^2-b(58)^2+b(59)^2;
    C(203) = b(66)^2-b(70)^2-b(71)^2+b(72)^2;
    C(13) = 2*b(1)*b(14)-2*b(5)*b(18)-2*b(6)*b(19)+2*b(7)*b(20);
    C(33) = 2*b(1)*b(27)-2*b(5)*b(31)-2*b(6)*b(32)+2*b(7)*b(33);
    C(63) = 2*b(1)*b(40)-2*b(5)*b(44)-2*b(6)*b(45)+2*b(7)*b(46);
    C(103) = 2*b(1)*b(53)-2*b(5)*b(57)-2*b(6)*b(58)+2*b(7)*b(59);
    C(153) = 2*b(1)*b(66)-2*b(5)*b(70)-2*b(6)*b(71)+2*b(7)*b(72);
    C(43) = 2*b(14)*b(27)-2*b(18)*b(31)-2*b(19)*b(32)+2*b(20)*b(33);
    C(73) = 2*b(14)*b(40)-2*b(18)*b(44)-2*b(19)*b(45)+2*b(20)*b(46);
    C(113) = 2*b(14)*b(53)-2*b(18)*b(57)-2*b(19)*b(58)+2*b(20)*b(59);
    C(163) = 2*b(14)*b(66)-2*b(18)*b(70)-2*b(19)*b(71)+2*b(20)*b(72);
    C(83) = 2*b(27)*b(40)-2*b(31)*b(44)-2*b(32)*b(45)+2*b(33)*b(46);
    C(123) = 2*b(27)*b(53)-2*b(31)*b(57)-2*b(32)*b(58)+2*b(33)*b(59);
    C(173) = 2*b(27)*b(66)-2*b(31)*b(70)-2*b(32)*b(71)+2*b(33)*b(72);
    C(133) = 2*b(40)*b(53)-2*b(44)*b(57)-2*b(45)*b(58)+2*b(46)*b(59);
    C(183) = 2*b(40)*b(66)-2*b(44)*b(70)-2*b(45)*b(71)+2*b(46)*b(72);
    C(193) = 2*b(53)*b(66)-2*b(57)*b(70)-2*b(58)*b(71)+2*b(59)*b(72);
    C(2) = b(1)^2+b(2)^2+b(3)^2-b(7)^2-b(8)^2-b(9)^2;
    C(4) = b(1)^2-b(3)^2+b(4)^2-b(6)^2+b(7)^2-b(9)^2;
    C(1) = b(2)^2-b(5)^2+b(1)^2-b(6)^2+b(3)^2-b(4)^2;
    C(22) = b(14)^2+b(15)^2+b(16)^2-b(20)^2-b(21)^2-b(22)^2;
    C(24) = b(14)^2-b(16)^2+b(17)^2-b(19)^2+b(20)^2-b(22)^2;
    C(21) = -b(18)^2+b(14)^2-b(17)^2+b(16)^2-b(19)^2+b(15)^2;
    C(52) = b(27)^2+b(28)^2+b(29)^2-b(33)^2-b(34)^2-b(35)^2;
    C(54) = b(27)^2-b(29)^2+b(30)^2-b(32)^2+b(33)^2-b(35)^2;
    C(51) = -b(31)^2-b(30)^2-b(32)^2+b(27)^2+b(28)^2+b(29)^2;
    C(92) = b(40)^2+b(41)^2+b(42)^2-b(46)^2-b(47)^2-b(48)^2;
    C(94) = b(40)^2-b(42)^2+b(43)^2-b(45)^2+b(46)^2-b(48)^2;
    C(91) = -b(44)^2-b(43)^2+b(42)^2+b(40)^2+b(41)^2-b(45)^2;
    C(142) = b(53)^2+b(54)^2+b(55)^2-b(59)^2-b(60)^2-b(61)^2;
    C(144) = b(53)^2-b(55)^2+b(56)^2-b(58)^2+b(59)^2-b(61)^2;
    C(141) = -b(57)^2+b(55)^2-b(56)^2+b(54)^2+b(53)^2-b(58)^2;
    C(201) = b(66)^2+b(67)^2+b(68)^2-b(69)^2-b(70)^2-b(71)^2;
    C(202) = b(66)^2+b(67)^2+b(68)^2-b(72)^2-b(73)^2-b(74)^2;
    C(204) = b(66)^2-b(68)^2+b(69)^2-b(71)^2+b(72)^2-b(74)^2;
    C(11) = 2*b(1)*b(14)+2*b(2)*b(15)+2*b(3)*b(16)-2*b(4)*b(17)-2*b(5)*b(18)-2*b(6)*b(19);
    C(12) = 2*b(1)*b(14)+2*b(2)*b(15)+2*b(3)*b(16)-2*b(7)*b(20)-2*b(8)*b(21)-2*b(9)*b(22);
    C(14) = 2*b(1)*b(14)-2*b(3)*b(16)+2*b(4)*b(17)-2*b(6)*b(19)+2*b(7)*b(20)-2*b(9)*b(22);
    C(31) = 2*b(1)*b(27)+2*b(2)*b(28)+2*b(3)*b(29)-2*b(4)*b(30)-2*b(5)*b(31)-2*b(6)*b(32);
    C(32) = 2*b(1)*b(27)+2*b(2)*b(28)+2*b(3)*b(29)-2*b(7)*b(33)-2*b(8)*b(34)-2*b(9)*b(35);
    C(34) = 2*b(1)*b(27)-2*b(3)*b(29)+2*b(4)*b(30)-2*b(6)*b(32)+2*b(7)*b(33)-2*b(9)*b(35);
    C(61) = 2*b(1)*b(40)+2*b(2)*b(41)+2*b(3)*b(42)-2*b(4)*b(43)-2*b(5)*b(44)-2*b(6)*b(45);
    C(62) = 2*b(1)*b(40)+2*b(2)*b(41)+2*b(3)*b(42)-2*b(7)*b(46)-2*b(8)*b(47)-2*b(9)*b(48);
    C(64) = 2*b(1)*b(40)-2*b(3)*b(42)+2*b(4)*b(43)-2*b(6)*b(45)+2*b(7)*b(46)-2*b(9)*b(48);
    C(101) = 2*b(1)*b(53)+2*b(2)*b(54)+2*b(3)*b(55)-2*b(4)*b(56)-2*b(5)*b(57)-2*b(6)*b(58);
    C(102) = 2*b(1)*b(53)+2*b(2)*b(54)+2*b(3)*b(55)-2*b(7)*b(59)-2*b(8)*b(60)-2*b(9)*b(61);
    C(104) = 2*b(1)*b(53)-2*b(3)*b(55)+2*b(4)*b(56)-2*b(6)*b(58)+2*b(7)*b(59)-2*b(9)*b(61);
    C(151) = 2*b(1)*b(66)+2*b(2)*b(67)+2*b(3)*b(68)-2*b(4)*b(69)-2*b(5)*b(70)-2*b(6)*b(71);
    C(152) = 2*b(1)*b(66)+2*b(2)*b(67)+2*b(3)*b(68)-2*b(7)*b(72)-2*b(8)*b(73)-2*b(9)*b(74);
    C(154) = 2*b(1)*b(66)-2*b(3)*b(68)+2*b(4)*b(69)-2*b(6)*b(71)+2*b(7)*b(72)-2*b(9)*b(74);
    C(158) = b(1)*b(67)+b(66)*b(2)+b(4)*b(70)+b(69)*b(5)+b(7)*b(73)+b(72)*b(8);
    C(159) = b(1)*b(68)+b(66)*b(3)+b(4)*b(71)+b(69)*b(6)+b(7)*b(74)+b(72)*b(9);
    C(155) = b(1)*b(69)+b(66)*b(4)+b(2)*b(70)+b(67)*b(5)+b(3)*b(71)+b(68)*b(6);
    C(16) = b(2)*b(21)+b(15)*b(8)+b(3)*b(22)+b(16)*b(9)+b(1)*b(20)+b(14)*b(7);
    C(36) = b(2)*b(34)+b(28)*b(8)+b(3)*b(35)+b(29)*b(9)+b(1)*b(33)+b(27)*b(7);
    C(15) = b(3)*b(19)+b(16)*b(6)+b(1)*b(17)+b(14)*b(4)+b(2)*b(18)+b(15)*b(5);
    C(157) = b(4)*b(72)+b(69)*b(7)+b(5)*b(73)+b(70)*b(8)+b(6)*b(74)+b(71)*b(9);
    C(17) = b(5)*b(21)+b(18)*b(8)+b(6)*b(22)+b(19)*b(9)+b(4)*b(20)+b(17)*b(7);
    C(37) = b(5)*b(34)+b(31)*b(8)+b(6)*b(35)+b(32)*b(9)+b(4)*b(33)+b(30)*b(7);
    C(70) = b(5)*b(45)+b(44)*b(6)+b(8)*b(48)+b(47)*b(9)+b(2)*b(42)+b(41)*b(3);
    C(67) = b(5)*b(47)+b(44)*b(8)+b(6)*b(48)+b(45)*b(9)+b(4)*b(46)+b(43)*b(7);
    C(110) = b(5)*b(58)+b(57)*b(6)+b(8)*b(61)+b(60)*b(9)+b(2)*b(55)+b(54)*b(3);
    C(107) = b(5)*b(60)+b(57)*b(8)+b(6)*b(61)+b(58)*b(9)+b(4)*b(59)+b(56)*b(7);
    C(160) = b(5)*b(71)+b(70)*b(6)+b(8)*b(74)+b(73)*b(9)+b(2)*b(68)+b(67)*b(3);
    C(19) = b(7)*b(22)+b(20)*b(9)+b(1)*b(16)+b(14)*b(3)+b(4)*b(19)+b(17)*b(6);
    C(39) = b(7)*b(35)+b(33)*b(9)+b(1)*b(29)+b(27)*b(3)+b(4)*b(32)+b(30)*b(6);
    C(69) = b(7)*b(48)+b(46)*b(9)+b(1)*b(42)+b(40)*b(3)+b(4)*b(45)+b(43)*b(6);
    C(18) = b(14)*b(2)+b(4)*b(18)+b(17)*b(5)+b(7)*b(21)+b(20)*b(8)+b(1)*b(15);
    C(41) = 2*b(14)*b(27)+2*b(15)*b(28)+2*b(16)*b(29)-2*b(17)*b(30)-2*b(18)*b(31)-2*b(19)*b(32);
    C(42) = 2*b(14)*b(27)+2*b(15)*b(28)+2*b(16)*b(29)-2*b(20)*b(33)-2*b(21)*b(34)-2*b(22)*b(35);
    C(44) = 2*b(14)*b(27)-2*b(16)*b(29)+2*b(17)*b(30)-2*b(19)*b(32)+2*b(20)*b(33)-2*b(22)*b(35);
    C(48) = b(14)*b(28)+b(27)*b(15)+b(17)*b(31)+b(30)*b(18)+b(20)*b(34)+b(33)*b(21);
    C(71) = 2*b(14)*b(40)+2*b(15)*b(41)+2*b(16)*b(42)-2*b(17)*b(43)-2*b(18)*b(44)-2*b(19)*b(45);
    C(72) = 2*b(14)*b(40)+2*b(15)*b(41)+2*b(16)*b(42)-2*b(20)*b(46)-2*b(21)*b(47)-2*b(22)*b(48);
    C(74) = 2*b(14)*b(40)-2*b(16)*b(42)+2*b(17)*b(43)-2*b(19)*b(45)+2*b(20)*b(46)-2*b(22)*b(48);
    C(111) = 2*b(14)*b(53)+2*b(15)*b(54)+2*b(16)*b(55)-2*b(17)*b(56)-2*b(18)*b(57)-2*b(19)*b(58);
    C(112) = 2*b(14)*b(53)+2*b(15)*b(54)+2*b(16)*b(55)-2*b(20)*b(59)-2*b(21)*b(60)-2*b(22)*b(61);
    C(114) = 2*b(14)*b(53)-2*b(16)*b(55)+2*b(17)*b(56)-2*b(19)*b(58)+2*b(20)*b(59)-2*b(22)*b(61);
