% Input: coefficient matrix C of size 7x22

% Monomial vector: [a^4, a^3*b, b^2*a^2, a*b^3, b^4, a^3, b*a^2, a*b^2, b^3, a^2*p, a*b*p, b^2*p, a^2, b*a, b^2, p*a, b*p, p^2, a, b, p, 1]

function [a, b, p] = nstd_relpose_7p_fuv_angle_colpiv_sprs(C)

    i_dx = [1, 1, 1, 1, 1, 1, 1, 1, 1, 1, 1, 1, 1, 1, 1, 1, 1, 1, 1, 2, 2, 2, 2, 2, 2, 2, 2, 2, 2, 2, 2, 2, 2, 2, 2, 2, 2, 3, 3, 3, 3, 3, 3, 3, 3, 3, 3, 3, 3, 3, 3, 3, 3, 3, 3, 3, 4, 4, 4, 4, 4, 4, 4, 4, 4, 4, 4, 4, 4, 4, 4, 4, 4, 4, 5, 5, 5, 5, 5, 5, 5, 5, 5, 5, 5, 5, 5, 5, 5, 5, 5, 5, 5, 6, 6, 6, 6, 6, 6, 6, 6, 6, 6, 6, 6, 6, 6, 6, 6, 6, 6, 6, 7, 7, 7, 7, 7, 7, 7, 7, 7, 7, 7, 7, 7, 7, 7, 7, 7, 7, 8, 8, 8, 8, 8, 8, 8, 8, 8, 8, 8, 8, 8, 8, 8, 8, 8, 9, 9, 9, 9, 9, 9, 9, 9, 9, 9, 9, 9, 9, 9, 9, 9, 9, 9, 10, 10, 10, 10, 10, 10, 10, 10, 10, 10, 10, 10, 10, 10, 10, 10, 10, 11, 11, 11, 11, 11, 11, 11, 11, 11, 11, 11, 11, 11, 11, 11, 11, 11, 11, 12, 12, 12, 12, 12, 12, 12, 12, 12, 12, 12, 12, 12, 12, 12, 12, 12, 12, 13, 13, 13, 13, 13, 13, 13, 13, 13, 13, 13, 13, 13, 13, 13, 13, 13, 13, 13, 14, 14, 14, 14, 14, 14, 14, 14, 14, 14, 14, 14, 14, 14, 14, 14, 14, 14, 15, 15, 15, 15, 15, 15, 15, 15, 15, 15, 15, 15, 15, 15, 15, 15, 15, 15, 15, 16, 16, 16, 16, 16, 16, 16, 16, 16, 16, 16, 16, 16, 16, 16, 16, 16, 16, 17, 17, 17, 17, 17, 17, 17, 17, 17, 17, 17, 17, 17, 17, 17, 17, 17, 17, 17, 18, 18, 18, 18, 18, 18, 18, 18, 18, 18, 18, 18, 18, 18, 18, 18, 18, 18, 18, 19, 19, 19, 19, 19, 19, 19, 19, 19, 19, 19, 19, 19, 19, 19, 19, 20, 20, 20, 20, 20, 20, 20, 20, 20, 20, 20, 20, 20, 20, 20, 20, 21, 21, 21, 21, 21, 21, 21, 21, 21, 21, 21, 21, 21, 21, 21, 21, 22, 22, 22, 22, 22, 22, 22, 22, 22, 22, 22, 22, 22, 22, 22, 23, 23, 23, 23, 23, 23, 23, 23, 23, 23, 23, 23, 23, 23, 24, 24, 24, 24, 24, 24, 24, 24, 24, 24, 24, 24, 24, 24, 24, 24, 25, 25, 25, 25, 25, 25, 25, 25, 25, 25, 25, 25, 25, 25, 25, 26, 26, 26, 26, 26, 26, 26, 26, 26, 26, 26, 26, 26, 26, 27, 27, 27, 27, 27, 27, 27, 27, 27, 27, 27, 27, 27, 27, 28, 28, 28, 28, 28, 28, 28, 28, 28, 28, 28, 28, 28, 28, 29, 29, 29, 29, 29, 29, 29, 29, 29, 29, 29, 29, 29, 30, 30, 30, 30, 30, 30, 30, 30, 30, 30, 30, 30, 31, 31, 31, 31, 31, 31, 31, 31, 31, 31, 31, 31, 31, 31, 32, 32, 32, 32, 32, 32, 32, 32, 32, 32, 32, 32, 32, 33, 33, 33, 33, 33, 33, 33, 33, 33, 33, 34, 34, 34, 34, 34, 34, 34, 34, 34, 34, 35, 35, 35, 35, 35, 35, 35, 35, 35, 35, 36, 36, 36, 36, 36, 36, 36, 36, 36, 36, 37, 37, 37, 37, 37, 37, 37, 37, 37, 37, 38, 38, 38, 38, 38, 38, 38, 38, 38, 38, 39, 39, 39, 39, 39, 39, 39, 39, 39, 39, 40, 40, 40, 40, 40, 40, 40, 40, 40, 40, 41, 41, 41, 41, 41, 41, 41, 41, 41, 41, 42, 42, 42, 42, 42, 42, 42, 42, 42, 42];
    j_dx = [1, 2, 5, 9, 11, 12, 15, 16, 17, 20, 21, 22, 25, 26, 27, 30, 36, 37, 40, 2, 3, 6, 10, 12, 13, 16, 17, 18, 21, 22, 23, 27, 28, 31, 37, 38, 41, 9, 10, 13, 20, 22, 23, 26, 27, 28, 30, 31, 33, 36, 37, 38, 40, 41, 43, 45, 3, 4, 7, 11, 13, 14, 17, 18, 19, 22, 23, 24, 28, 29, 32, 38, 39, 42, 10, 11, 14, 21, 23, 24, 27, 28, 29, 31, 32, 34, 37, 38, 39, 41, 42, 44, 46, 20, 21, 24, 30, 31, 32, 35, 36, 38, 39, 40, 41, 42, 43, 44, 45, 46, 47, 48, 1, 3, 5, 9, 11, 12, 15, 17, 20, 21, 22, 25, 26, 27, 30, 36, 37, 40, 2, 4, 6, 10, 12, 13, 16, 18, 21, 22, 23, 27, 28, 31, 37, 38, 41, 9, 11, 13, 20, 22, 23, 26, 28, 30, 31, 33, 36, 37, 38, 40, 41, 43, 45, 3, 5, 7, 11, 13, 14, 17, 19, 22, 23, 24, 28, 29, 32, 38, 39, 42, 10, 12, 14, 21, 23, 24, 27, 29, 31, 32, 34, 37, 38, 39, 41, 42, 44, 46, 20, 22, 24, 30, 32, 35, 36, 38, 39, 40, 41, 42, 43, 44, 45, 46, 47, 48, 1, 4, 5, 9, 11, 12, 15, 16, 17, 20, 21, 22, 25, 26, 27, 30, 36, 37, 40, 2, 5, 6, 10, 12, 13, 16, 17, 18, 21, 22, 23, 27, 28, 31, 37, 38, 41, 9, 12, 13, 20, 22, 23, 26, 27, 28, 30, 31, 33, 36, 37, 38, 40, 41, 43, 45, 3, 6, 7, 11, 13, 14, 17, 18, 19, 22, 23, 24, 28, 29, 32, 38, 39, 42, 10, 13, 14, 21, 23, 24, 27, 28, 29, 31, 32, 34, 37, 38, 39, 41, 42, 44, 46, 20, 23, 24, 30, 31, 32, 35, 36, 38, 39, 40, 41, 42, 43, 44, 45, 46, 47, 48, 30, 32, 35, 36, 37, 38, 39, 40, 41, 42, 43, 44, 45, 46, 47, 48, 21, 22, 23, 24, 27, 29, 31, 32, 34, 37, 38, 39, 41, 42, 44, 46, 20, 21, 22, 23, 26, 28, 30, 31, 33, 36, 37, 38, 40, 41, 43, 45, 10, 11, 12, 13, 16, 18, 21, 22, 23, 27, 28, 31, 37, 38, 41, 1, 2, 3, 4, 8, 9, 10, 11, 15, 16, 20, 21, 26, 36, 9, 10, 11, 12, 15, 17, 20, 21, 22, 25, 26, 27, 30, 36, 37, 40, 11, 12, 13, 14, 17, 19, 22, 23, 24, 28, 29, 32, 38, 39, 42, 30, 32, 35, 36, 39, 40, 41, 42, 43, 44, 45, 46, 47, 48, 21, 24, 27, 29, 31, 32, 34, 37, 38, 39, 41, 42, 44, 46, 20, 23, 26, 28, 30, 31, 33, 36, 37, 38, 40, 41, 43, 45, 10, 13, 16, 18, 21, 22, 23, 27, 28, 31, 37, 38, 41, 1, 4, 8, 9, 10, 11, 15, 16, 20, 21, 26, 36, 9, 12, 15, 17, 20, 21, 22, 25, 26, 27, 30, 36, 37, 40, 11, 14, 17, 19, 22, 23, 24, 28, 29, 32, 38, 39, 42, 37, 39, 40, 41, 42, 44, 45, 46, 47, 48, 22, 24, 32, 37, 38, 39, 41, 42, 44, 46, 21, 23, 31, 36, 37, 38, 40, 41, 43, 45, 4, 6, 11, 12, 13, 18, 22, 23, 28, 38, 11, 13, 21, 22, 23, 28, 31, 37, 38, 41, 3, 5, 10, 11, 12, 17, 21, 22, 27, 37, 2, 4, 9, 10, 11, 16, 20, 21, 26, 36, 5, 7, 12, 13, 14, 19, 23, 24, 29, 39, 10, 12, 20, 21, 22, 27, 30, 36, 37, 40, 12, 14, 22, 23, 24, 29, 32, 38, 39, 42];
    C_dx = [1, 8, 29, 36, 50, 57, 64, 71, 78, 85, 92, 99, 120, 106, 113, 141, 127, 134, 148, 1, 8, 29, 36, 50, 57, 64, 71, 78, 85, 92, 99, 106, 113, 141, 127, 134, 148, 1, 8, 29, 36, 50, 57, 64, 71, 78, 106, 113, 120, 85, 92, 99, 127, 134, 141, 148, 1, 8, 29, 36, 50, 57, 64, 71, 78, 85, 92, 99, 106, 113, 141, 127, 134, 148, 1, 8, 29, 36, 50, 57, 64, 71, 78, 106, 113, 120, 85, 92, 99, 127, 134, 141, 148, 1, 8, 29, 64, 71, 78, 120, 36, 50, 57, 85, 92, 99, 106, 113, 127, 134, 141, 148, 2, 16, 30, 37, 51, 58, 65, 79, 86, 93, 100, 121, 107, 114, 142, 128, 135, 149, 2, 16, 30, 37, 51, 58, 65, 79, 86, 93, 100, 107, 114, 142, 128, 135, 149, 2, 16, 30, 37, 51, 58, 65, 79, 107, 114, 121, 86, 93, 100, 128, 135, 142, 149, 2, 16, 30, 37, 51, 58, 65, 79, 86, 93, 100, 107, 114, 142, 128, 135, 149, 2, 16, 30, 37, 51, 58, 65, 79, 107, 114, 121, 86, 93, 100, 128, 135, 142, 149, 2, 16, 30, 65, 79, 121, 37, 51, 58, 86, 93, 100, 107, 114, 128, 135, 142, 149, 3, 24, 31, 38, 52, 59, 66, 73, 80, 87, 94, 101, 122, 108, 115, 143, 129, 136, 150, 3, 24, 31, 38, 52, 59, 66, 73, 80, 87, 94, 101, 108, 115, 143, 129, 136, 150, 3, 24, 31, 38, 52, 59, 66, 73, 80, 108, 115, 122, 87, 94, 101, 129, 136, 143, 150, 3, 24, 31, 38, 52, 59, 66, 73, 80, 87, 94, 101, 108, 115, 143, 129, 136, 150, 3, 24, 31, 38, 52, 59, 66, 73, 80, 108, 115, 122, 87, 94, 101, 129, 136, 143, 150, 3, 24, 31, 66, 73, 80, 122, 38, 52, 59, 87, 94, 101, 108, 115, 129, 136, 143, 150, 67, 81, 123, 39, 46, 53, 60, 88, 95, 102, 109, 116, 130, 137, 144, 151, 39, 46, 53, 60, 67, 81, 109, 116, 123, 88, 95, 102, 130, 137, 144, 151, 39, 46, 53, 60, 67, 81, 109, 116, 123, 88, 95, 102, 130, 137, 144, 151, 39, 46, 53, 60, 67, 81, 88, 95, 102, 109, 116, 144, 130, 137, 151, 39, 46, 53, 60, 67, 88, 95, 102, 109, 116, 130, 137, 144, 151, 39, 46, 53, 60, 67, 81, 88, 95, 102, 123, 109, 116, 144, 130, 137, 151, 39, 46, 53, 60, 67, 81, 88, 95, 102, 109, 116, 144, 130, 137, 151, 68, 82, 124, 40, 61, 89, 96, 103, 110, 117, 131, 138, 145, 152, 40, 61, 68, 82, 110, 117, 124, 89, 96, 103, 131, 138, 145, 152, 40, 61, 68, 82, 110, 117, 124, 89, 96, 103, 131, 138, 145, 152, 40, 61, 68, 82, 89, 96, 103, 110, 117, 145, 131, 138, 152, 40, 61, 68, 89, 96, 103, 110, 117, 131, 138, 145, 152, 40, 61, 68, 82, 89, 96, 103, 124, 110, 117, 145, 131, 138, 152, 40, 61, 68, 82, 89, 96, 103, 110, 117, 145, 131, 138, 152, 48, 62, 90, 97, 104, 118, 132, 139, 146, 153, 48, 62, 118, 90, 97, 104, 132, 139, 146, 153, 48, 62, 118, 90, 97, 104, 132, 139, 146, 153, 48, 62, 90, 97, 104, 118, 132, 139, 146, 153, 48, 62, 90, 97, 104, 118, 146, 132, 139, 153, 48, 62, 90, 97, 104, 118, 132, 139, 146, 153, 48, 62, 90, 97, 104, 118, 132, 139, 146, 153, 48, 62, 90, 97, 104, 118, 132, 139, 146, 153, 48, 62, 90, 97, 104, 118, 146, 132, 139, 153, 48, 62, 90, 97, 104, 118, 146, 132, 139, 153];
