function [C,U,dU] = coefs_focal6p_1s(data)

    A = data{1};

    C = zeros(10,20);
    C(167) = A(7)^3+A(7)*A(16)^2+A(7)*A(25)^2;
    C(168) = A(16)^3+A(7)^2*A(16)+A(16)*A(25)^2;
    C(169) = A(25)^3+A(7)^2*A(25)+A(16)^2*A(25);
    C(7) = A(8)*A(17)^2+A(8)*A(26)^2+A(8)^3;
    C(9) = A(8)^2*A(26)+A(17)^2*A(26)+A(26)^3;
    C(37) = A(9)*A(18)^2+A(9)*A(27)^2+A(9)^3;
    C(39) = A(9)^2*A(27)+A(18)^2*A(27)+A(27)^3;
    C(8) = A(17)*A(26)^2+A(8)^2*A(17)+A(17)^3;
    C(38) = A(18)*A(27)^2+A(9)^2*A(18)+A(18)^3;
    C(117) = 3*A(8)*A(7)^2+A(8)*A(16)^2+A(8)*A(25)^2+2*A(7)*A(26)*A(25)+2*A(7)*A(17)*A(16);
    C(1) = A(8)^2*A(2)-A(17)^2*A(2)-A(26)^2*A(2)+2*A(8)*A(17)*A(11)+2*A(8)*A(26)*A(20);
    C(47) = 3*A(8)^2*A(7)+A(7)*A(17)^2+A(7)*A(26)^2+2*A(8)*A(26)*A(25)+2*A(8)*A(17)*A(16);
    C(5) = -A(8)^2*A(14)-A(26)^2*A(14)+A(17)^2*A(14)+2*A(17)*A(26)*A(23)+2*A(8)*A(17)*A(5);
    C(6) = -A(8)^2*A(23)-A(17)^2*A(23)+A(26)^2*A(23)+2*A(17)*A(26)*A(14)+2*A(8)*A(26)*A(5);
    C(137) = 3*A(9)*A(7)^2+A(9)*A(16)^2+A(9)*A(25)^2+2*A(7)*A(27)*A(25)+2*A(7)*A(18)*A(16);
    C(31) = A(9)^2*A(3)-A(18)^2*A(3)-A(27)^2*A(3)+2*A(9)*A(18)*A(12)+2*A(9)*A(27)*A(21);
    C(87) = 3*A(9)^2*A(7)+A(7)*A(18)^2+A(7)*A(27)^2+2*A(9)*A(27)*A(25)+2*A(9)*A(18)*A(16);
    C(35) = -A(9)^2*A(15)-A(27)^2*A(15)+A(18)^2*A(15)+2*A(18)*A(27)*A(24)+2*A(9)*A(18)*A(6);
    C(36) = -A(9)^2*A(24)-A(18)^2*A(24)+A(27)^2*A(24)+2*A(18)*A(27)*A(15)+2*A(9)*A(27)*A(6);
    C(4) = -A(17)^2*A(5)-A(26)^2*A(5)+A(8)^2*A(5)+2*A(8)*A(26)*A(23)+2*A(8)*A(17)*A(14);
    C(2) = A(17)^2*A(11)+2*A(8)*A(17)*A(2)-A(8)^2*A(11)-A(26)^2*A(11)+2*A(17)*A(26)*A(20);
    C(34) = -A(18)^2*A(6)-A(27)^2*A(6)+A(9)^2*A(6)+2*A(9)*A(27)*A(24)+2*A(9)*A(18)*A(15);
    C(32) = A(18)^2*A(12)+2*A(9)*A(18)*A(3)-A(9)^2*A(12)-A(27)^2*A(12)+2*A(18)*A(27)*A(21);
    C(33) = -A(18)^2*A(21)+A(27)^2*A(21)-A(9)^2*A(21)+2*A(18)*A(27)*A(12)+2*A(9)*A(27)*A(3);
    C(119) = 3*A(26)*A(25)^2+2*A(17)*A(25)*A(16)+2*A(8)*A(25)*A(7)+A(7)^2*A(26)+A(16)^2*A(26);
    C(3) = A(26)^2*A(20)-A(8)^2*A(20)-A(17)^2*A(20)+2*A(17)*A(26)*A(11)+2*A(8)*A(26)*A(2);
    C(49) = 3*A(26)^2*A(25)+2*A(17)*A(26)*A(16)+2*A(8)*A(26)*A(7)+A(8)^2*A(25)+A(17)^2*A(25);
    C(139) = 3*A(27)*A(25)^2+2*A(18)*A(25)*A(16)+2*A(9)*A(25)*A(7)+A(7)^2*A(27)+A(16)^2*A(27);
    C(89) = 3*A(27)^2*A(25)+2*A(18)*A(27)*A(16)+2*A(9)*A(27)*A(7)+A(9)^2*A(25)+A(18)^2*A(25);
    C(162) = 2*A(7)*A(16)*A(1)+2*A(16)*A(25)*A(19)-A(25)^2*A(10)-A(7)^2*A(10)+A(16)^2*A(10);
    C(161) = 2*A(7)*A(16)*A(10)+2*A(7)*A(25)*A(19)+A(7)^2*A(1)-A(16)^2*A(1)-A(25)^2*A(1);
    C(164) = 2*A(7)*A(16)*A(13)+2*A(7)*A(25)*A(22)+A(7)^2*A(4)-A(16)^2*A(4)-A(25)^2*A(4);
    C(166) = 2*A(7)*A(25)*A(4)+2*A(16)*A(25)*A(13)+A(25)^2*A(22)-A(16)^2*A(22)-A(7)^2*A(22);
    C(18) = 2*A(8)*A(17)*A(9)+2*A(17)*A(26)*A(27)+A(18)*A(26)^2+A(8)^2*A(18)+3*A(17)^2*A(18);
    C(17) = 2*A(8)*A(17)*A(18)+2*A(8)*A(26)*A(27)+A(9)*A(26)^2+3*A(8)^2*A(9)+A(9)*A(17)^2;
    C(19) = 2*A(8)*A(26)*A(9)+2*A(17)*A(26)*A(18)+3*A(26)^2*A(27)+A(17)^2*A(27)+A(8)^2*A(27);
    C(28) = 2*A(9)*A(18)*A(8)+2*A(18)*A(27)*A(26)+A(17)*A(27)^2+A(9)^2*A(17)+3*A(17)*A(18)^2;
    C(27) = 2*A(9)*A(18)*A(17)+2*A(9)*A(27)*A(26)+A(8)*A(27)^2+3*A(8)*A(9)^2+A(8)*A(18)^2;
    C(29) = 2*A(9)*A(27)*A(8)+2*A(18)*A(27)*A(17)+3*A(26)*A(27)^2+A(18)^2*A(26)+A(9)^2*A(26);
    C(163) = 2*A(16)*A(25)*A(10)+2*A(7)*A(25)*A(1)-A(7)^2*A(19)+A(25)^2*A(19)-A(16)^2*A(19);
    C(165) = 2*A(16)*A(25)*A(22)+2*A(7)*A(16)*A(4)+A(16)^2*A(13)-A(25)^2*A(13)-A(7)^2*A(13);
    C(118) = 2*A(16)*A(26)*A(25)+2*A(8)*A(16)*A(7)+3*A(17)*A(16)^2+A(17)*A(25)^2+A(7)^2*A(17);
    C(138) = 2*A(16)*A(27)*A(25)+2*A(9)*A(16)*A(7)+3*A(18)*A(16)^2+A(18)*A(25)^2+A(7)^2*A(18);
    C(48) = 2*A(17)*A(26)*A(25)+2*A(8)*A(17)*A(7)+3*A(17)^2*A(16)+A(16)*A(26)^2+A(8)^2*A(16);
    C(88) = 2*A(18)*A(27)*A(25)+2*A(9)*A(18)*A(7)+3*A(18)^2*A(16)+A(16)*A(27)^2+A(9)^2*A(16);
    C(200) = A(1)*A(13)*A(25)-A(1)*A(16)*A(22)-A(13)*A(7)*A(19)-A(25)*A(10)*A(4)+A(16)*A(4)*A(19)+A(22)*A(10)*A(7);
    C(60) = A(2)*A(14)*A(26)-A(2)*A(17)*A(23)-A(14)*A(8)*A(20)-A(26)*A(11)*A(5)+A(17)*A(5)*A(20)+A(23)*A(11)*A(8);
    C(110) = A(3)*A(15)*A(27)-A(3)*A(18)*A(24)-A(15)*A(9)*A(21)-A(27)*A(12)*A(6)+A(18)*A(6)*A(21)+A(24)*A(12)*A(9);
    C(67) = 6*A(8)*A(9)*A(7)+2*A(8)*A(16)*A(18)+2*A(9)*A(16)*A(17)+2*A(7)*A(17)*A(18)+2*A(8)*A(25)*A(27)+2*A(9)*A(25)*A(26)+2*A(7)*A(26)*A(27);
    C(68) = 2*A(8)*A(16)*A(9)+2*A(7)*A(17)*A(9)+2*A(7)*A(18)*A(8)+6*A(17)*A(18)*A(16)+2*A(17)*A(25)*A(27)+2*A(18)*A(25)*A(26)+2*A(16)*A(26)*A(27);
    C(69) = 2*A(8)*A(25)*A(9)+2*A(7)*A(26)*A(9)+2*A(7)*A(27)*A(8)+2*A(17)*A(25)*A(18)+2*A(16)*A(26)*A(18)+2*A(16)*A(27)*A(17)+6*A(26)*A(27)*A(25);
    C(194) = A(4)^3+2*A(1)*A(10)*A(13)+2*A(1)*A(19)*A(22)+A(4)*A(22)^2-A(10)^2*A(4)-A(19)^2*A(4)+A(1)^2*A(4)+A(4)*A(13)^2;
    C(193) = A(19)^3+2*A(13)*A(22)*A(10)+2*A(4)*A(22)*A(1)-A(13)^2*A(19)-A(4)^2*A(19)+A(10)^2*A(19)+A(22)^2*A(19)+A(1)^2*A(19);
    C(56) = A(23)^3+2*A(11)*A(20)*A(14)+2*A(2)*A(20)*A(5)+A(14)^2*A(23)+A(20)^2*A(23)-A(11)^2*A(23)-A(2)^2*A(23)+A(5)^2*A(23);
    C(106) = A(24)^3+2*A(12)*A(21)*A(15)+2*A(3)*A(21)*A(6)+A(15)^2*A(24)+A(21)^2*A(24)-A(12)^2*A(24)-A(3)^2*A(24)+A(6)^2*A(24);
    C(196) = A(4)^2*A(22)+A(13)^2*A(22)+A(19)^2*A(22)-A(10)^2*A(22)-A(1)^2*A(22)+A(22)^3+2*A(1)*A(19)*A(4)+2*A(10)*A(19)*A(13);
    C(195) = A(13)*A(22)^2-A(19)^2*A(13)-A(1)^2*A(13)+A(13)^3+2*A(1)*A(10)*A(4)+2*A(10)*A(19)*A(22)+A(4)^2*A(13)+A(10)^2*A(13);
    C(54) = 2*A(2)*A(20)*A(23)+2*A(2)*A(11)*A(14)+A(2)^2*A(5)+A(5)*A(14)^2+A(5)*A(23)^2-A(11)^2*A(5)-A(20)^2*A(5)+A(5)^3;
    C(104) = 2*A(3)*A(21)*A(24)+2*A(3)*A(12)*A(15)+A(3)^2*A(6)+A(6)*A(15)^2+A(6)*A(24)^2-A(12)^2*A(6)-A(21)^2*A(6)+A(6)^3;
    C(192) = 2*A(4)*A(13)*A(1)+2*A(13)*A(22)*A(19)-A(22)^2*A(10)-A(4)^2*A(10)+A(13)^2*A(10)+A(10)*A(19)^2+A(1)^2*A(10)+A(10)^3;
    C(191) = 2*A(4)*A(13)*A(10)+2*A(4)*A(22)*A(19)-A(13)^2*A(1)-A(22)^2*A(1)+A(1)*A(10)^2+A(1)*A(19)^2+A(4)^2*A(1)+A(1)^3;
    C(52) = 2*A(5)*A(14)*A(2)+2*A(14)*A(23)*A(20)+A(2)^2*A(11)-A(23)^2*A(11)-A(5)^2*A(11)+A(14)^2*A(11)+A(11)*A(20)^2+A(11)^3;
    C(51) = 2*A(5)*A(14)*A(11)+2*A(5)*A(23)*A(20)+A(5)^2*A(2)+A(2)*A(11)^2+A(2)*A(20)^2-A(14)^2*A(2)-A(23)^2*A(2)+A(2)^3;
    C(53) = 2*A(5)*A(23)*A(2)+2*A(14)*A(23)*A(11)+A(23)^2*A(20)-A(14)^2*A(20)-A(5)^2*A(20)+A(2)^2*A(20)+A(11)^2*A(20)+A(20)^3;
    C(102) = 2*A(6)*A(15)*A(3)+2*A(15)*A(24)*A(21)+A(3)^2*A(12)-A(24)^2*A(12)-A(6)^2*A(12)+A(15)^2*A(12)+A(12)*A(21)^2+A(12)^3;
    C(101) = 2*A(6)*A(15)*A(12)+2*A(6)*A(24)*A(21)+A(6)^2*A(3)+A(3)*A(12)^2+A(3)*A(21)^2-A(15)^2*A(3)-A(24)^2*A(3)+A(3)^3;
    C(103) = 2*A(6)*A(24)*A(3)+2*A(15)*A(24)*A(12)+A(24)^2*A(21)-A(15)^2*A(21)-A(6)^2*A(21)+A(3)^2*A(21)+A(12)^2*A(21)+A(21)^3;
    C(55) = 2*A(11)*A(20)*A(23)+2*A(2)*A(11)*A(5)+A(11)^2*A(14)+A(14)*A(23)^2-A(20)^2*A(14)-A(2)^2*A(14)+A(5)^2*A(14)+A(14)^3;
    C(105) = 2*A(12)*A(21)*A(24)+2*A(3)*A(12)*A(6)+A(6)^2*A(15)+A(12)^2*A(15)+A(15)*A(24)^2-A(21)^2*A(15)-A(3)^2*A(15)+A(15)^3;
    C(199) = -A(10)^2*A(25)-A(13)^2*A(25)-A(1)^2*A(25)-A(4)^2*A(25)+A(19)^2*A(25)+A(22)^2*A(25)+2*A(1)*A(19)*A(7)+2*A(4)*A(22)*A(7)+2*A(10)*A(19)*A(16)+2*A(13)*A(22)*A(16);
    C(197) = -A(13)^2*A(7)-A(19)^2*A(7)-A(22)^2*A(7)+A(1)^2*A(7)+A(4)^2*A(7)-A(10)^2*A(7)+2*A(1)*A(10)*A(16)+2*A(4)*A(13)*A(16)+2*A(1)*A(19)*A(25)+2*A(4)*A(22)*A(25);
    C(198) = -A(19)^2*A(16)-A(22)^2*A(16)-A(1)^2*A(16)-A(4)^2*A(16)+A(10)^2*A(16)+A(13)^2*A(16)+2*A(1)*A(10)*A(7)+2*A(4)*A(13)*A(7)+2*A(10)*A(19)*A(25)+2*A(13)*A(22)*A(25);
    C(107) = 2*A(3)*A(21)*A(27)+2*A(6)*A(24)*A(27)+2*A(3)*A(12)*A(18)+2*A(6)*A(15)*A(18)+A(6)^2*A(9)-A(12)^2*A(9)-A(15)^2*A(9)-A(21)^2*A(9)-A(24)^2*A(9)+A(3)^2*A(9);
    C(57) = 2*A(5)*A(23)*A(26)+2*A(2)*A(11)*A(17)+2*A(5)*A(14)*A(17)+2*A(2)*A(20)*A(26)-A(11)^2*A(8)-A(14)^2*A(8)-A(20)^2*A(8)-A(23)^2*A(8)+A(2)^2*A(8)+A(5)^2*A(8);
    C(58) = 2*A(11)*A(20)*A(26)+2*A(14)*A(23)*A(26)+2*A(2)*A(11)*A(8)+2*A(5)*A(14)*A(8)-A(20)^2*A(17)-A(23)^2*A(17)-A(2)^2*A(17)-A(5)^2*A(17)+A(11)^2*A(17)+A(14)^2*A(17);
