% Input: coefficient matrix C of size 4x52
% Output: solution matrix S of size 4x24

function S = red_73x97_colpiv_rdist9p(C)

    ix = [1,1,1,1,1,1,1,1,1,1,1,1,2,2,2,2,2,2,2,2,2,2,2,2,3,3,3,3,3,3,3,3,3,3,4,4,4,4,4,4,4,4,4,5,5,5,5,5,5,5,5,5,5,6,6,6,6,6,6,6,6,6,7,7,7,7,7,7,7,7,7,8,8,8,8,8,8,8,8,8,8,8,8,9,9,9,9,9,9,9,9,9,9,9,9,10,10,10,10,10,10,10,10,10,10,10,10,11,11,11,11,11,11,11,11,11,11,11,11,12,12,12,12,12,12,12,12,12,12,12,12,13,13,13,13,13,13,13,13,13,13,13,13,14,14,14,14,14,14,14,14,14,14,14,14,15,15,15,15,15,15,15,15,15,15,15,15,16,16,16,16,16,16,16,16,16,16,16,16,17,17,17,17,17,17,17,17,17,17,17,17,18,18,18,18,18,18,18,18,18,18,18,18,19,19,19,19,19,19,19,19,19,19,19,19,20,20,20,20,20,20,20,20,20,20,20,20,21,21,21,21,21,21,21,21,21,21,21,21,22,22,22,22,22,22,22,22,22,22,22,22,23,23,23,23,23,23,23,23,23,23,23,23,24,24,24,24,24,24,24,24,24,24,24,24,25,25,25,25,25,25,25,25,25,25,25,25,26,26,26,26,26,26,26,26,26,26,26,26,27,27,27,27,27,27,27,27,27,27,27,27,28,28,28,28,28,28,28,28,28,28,28,28,29,29,29,29,29,29,29,29,29,29,29,29,30,30,30,30,30,30,30,30,30,30,31,31,31,31,31,31,31,31,31,32,32,32,32,32,32,32,32,32,32,33,33,33,33,33,33,33,33,33,34,34,34,34,34,34,34,34,34,35,35,35,35,35,35,35,35,35,35,35,35,36,36,36,36,36,36,36,36,36,36,36,36,37,37,37,37,37,37,37,37,37,37,37,37,38,38,38,38,38,38,38,38,38,38,38,38,39,39,39,39,39,39,39,39,39,39,39,39,40,40,40,40,40,40,40,40,40,40,40,40,41,41,41,41,41,41,41,41,41,41,41,41,42,42,42,42,42,42,42,42,42,42,42,42,43,43,43,43,43,43,43,43,43,43,43,43,44,44,44,44,44,44,44,44,44,44,44,44,45,45,45,45,45,45,45,45,45,45,45,45,46,46,46,46,46,46,46,46,46,46,46,46,47,47,47,47,47,47,47,47,47,47,47,47,48,48,48,48,48,48,48,48,48,48,48,48,49,49,49,49,49,49,49,49,49,49,49,49,50,50,50,50,50,50,50,50,50,50,50,50,51,51,51,51,51,51,51,51,51,51,51,51,52,52,52,52,52,52,52,52,52,52,52,52,53,53,53,53,53,53,53,53,53,53,53,53,54,54,54,54,54,54,54,54,55,55,55,55,55,55,55,55,56,56,56,56,56,56,56,56,57,57,57,57,57,57,57,57,58,58,58,58,58,58,58,58,59,59,59,59,59,59,59,59,60,60,60,60,60,60,60,60,61,61,61,61,61,61,61,61,62,62,62,62,62,62,62,62,63,63,63,63,63,63,63,63,64,64,64,64,64,64,64,64,65,65,65,65,65,65,65,65,66,66,66,66,66,66,66,66,67,67,67,67,67,67,67,67,68,68,68,68,68,68,68,68,69,69,69,69,69,69,69,69,70,70,70,70,70,70,70,70,71,71,71,71,71,71,71,71,71,71,71,71,71,71,71,71,71,71,71,71,71,71,71,71,71,71,71,71,71,71,71,71,71,71,71,71,71,71,71,71,71,71,71,71,71,72,72,72,72,72,72,72,72,72,72,72,72,72,72,72,72,72,72,72,72,72,72,72,72,72,72,72,72,72,72,72,72,72,72,72,72,72,72,72,72,72,72,72,72,72,72,72,72,72,72,72,72,73,73,73,73,73,73,73,73,73,73,73,73,73,73,73,73,73,73,73,73,73,73,73,73,73,73,73,73,73,73,73,73,73,73,73,73,73,73,73,73,73,73,73,73,73,73,73,73,73,73,73,73];
    jx = [23,24,25,26,27,28,31,40,42,45,62,69,12,13,14,15,21,25,32,39,46,61,62,70,4,5,11,16,23,28,60,63,67,72,17,26,35,41,42,48,63,64,73,6,7,11,15,18,19,61,65,68,74,11,23,25,28,62,64,66,69,75,8,13,15,21,61,65,66,70,77,23,31,38,41,43,45,48,51,60,67,69,80,19,23,30,39,44,46,52,61,68,69,70,81,23,31,40,42,45,47,49,53,62,69,71,82,9,21,32,34,39,46,54,61,62,70,71,83,1,2,3,4,6,10,19,68,72,74,79,84,4,11,23,60,63,67,69,72,73,75,80,85,35,36,41,42,48,49,55,63,64,73,76,86,6,11,19,61,65,68,70,74,75,77,81,87,11,23,62,64,66,69,71,75,76,78,82,88,8,9,21,37,61,65,66,70,77,78,83,89,10,33,44,50,52,56,67,68,79,80,81,90,43,45,48,51,53,55,57,67,69,80,82,91,44,46,52,54,58,68,69,70,81,82,83,92,1,10,68,72,74,79,81,84,85,87,90,93,67,69,72,73,75,80,82,85,86,88,91,94,68,70,74,75,77,81,83,87,88,89,92,95,50,52,56,58,59,79,80,81,90,91,92,96,79,81,84,85,87,90,92,93,94,95,96,97,16,17,22,23,27,28,31,38,41,43,60,67,14,15,18,19,20,23,28,30,39,44,61,68,23,24,25,26,27,28,31,40,42,45,62,69,12,13,14,15,21,25,32,39,46,61,62,70,4,5,11,16,23,28,60,63,67,72,17,26,35,41,42,48,63,64,73,6,7,11,15,18,19,61,65,68,74,11,23,25,28,62,64,66,69,75,8,13,15,21,61,65,66,70,77,3,10,19,29,30,33,44,50,60,67,68,79,23,31,38,41,43,45,48,51,60,67,69,80,19,23,30,39,44,46,52,61,68,69,70,81,23,31,40,42,45,47,49,53,62,69,71,82,9,21,32,34,39,46,54,61,62,70,71,83,1,2,3,4,6,10,19,68,72,74,79,84,4,11,23,60,63,67,69,72,73,75,80,85,35,36,41,42,48,49,55,63,64,73,76,86,6,11,19,61,65,68,70,74,75,77,81,87,11,23,62,64,66,69,71,75,76,78,82,88,8,9,21,37,61,65,66,70,77,78,83,89,10,33,44,50,52,56,67,68,79,80,81,90,43,45,48,51,53,55,57,67,69,80,82,91,44,46,52,54,58,68,69,70,81,82,83,92,1,10,68,72,74,79,81,84,85,87,90,93,67,69,72,73,75,80,82,85,86,88,91,94,68,70,74,75,77,81,83,87,88,89,92,95,50,52,56,58,59,79,80,81,90,91,92,96,79,81,84,85,87,90,92,93,94,95,96,97,4,11,23,41,60,63,67,72,6,11,19,23,61,65,68,74,11,23,42,62,64,66,69,75,8,21,61,62,65,66,70,77,9,34,46,47,54,70,71,83,1,10,67,68,72,74,79,84,48,67,69,72,73,75,80,85,68,69,70,74,75,77,81,87,49,69,71,75,76,78,82,88,9,37,70,71,77,78,83,89,50,51,52,56,79,80,81,90,52,53,54,58,81,82,83,92,79,80,81,84,85,87,90,93,55,80,82,85,86,88,91,94,81,82,83,87,88,89,92,95,56,57,58,59,90,91,92,96,90,91,92,93,94,95,96,97,1,2,3,4,5,6,7,10,11,12,13,14,15,16,17,18,19,20,22,23,24,25,26,27,28,29,30,31,33,38,39,41,43,44,50,60,61,63,65,67,68,72,74,79,84,1,4,6,8,10,11,19,21,23,30,31,32,33,35,38,39,40,41,42,43,44,45,46,48,50,51,52,56,60,61,62,63,64,65,66,67,68,69,70,72,73,74,75,77,79,80,81,84,85,87,90,93,9,34,36,37,43,44,45,46,47,48,49,50,51,52,53,54,55,56,57,58,59,67,68,69,70,71,72,73,74,75,76,77,78,79,80,81,82,83,84,85,86,87,88,89,90,91,92,93,94,95,96,97];
