function [C,U,dU] = coefs_focal6p(data)

    M = data{1};

    C = zeros(10,26);
    C([16,29,63]) = -1;
    C(64) = -M(2);
    C([44,111]) = 2*M(3);
    C(65) = -M(5);
    C([45,112]) = 2*M(6);
    C(11) = -M(7);
    C([4,41]) = 2*M(9);
    C(12) = -M(10);
    C([5,42]) = 2*M(12);
    C(21) = -M(13);
    C(24) = -M(14);
    C(22) = -M(16);
    C(25) = -M(17);
    C(89) = -M(15)^2-M(18)^2;
    C(256) = -2*M(1)*M(2)-2*M(4)*M(5);
    C(259) = -2*M(1)*M(3)-2*M(4)*M(6);
    C(196) = -2*M(3)*M(2)-2*M(6)*M(5);
    C(260) = M(5)*M(3)-M(6)*M(2);
    C(110) = M(7)*M(12)-M(10)*M(9);
    C(103) = -2*M(8)*M(7)-2*M(11)*M(10);
    C(129) = -2*M(9)*M(3)-2*M(12)*M(6);
    C([96,173]) = 2*M(9)*M(3)+2*M(12)*M(6);
    C(53) = -2*M(9)*M(7)-2*M(12)*M(10);
    C(109) = -2*M(9)*M(8)-2*M(12)*M(11);
    C(79) = -2*M(9)*M(15)-2*M(12)*M(18);
    C(170) = -M(13)*M(17)+M(16)*M(14);
    C([153,216]) = -2*M(14)*M(13)-2*M(17)*M(16);
    C(83) = -2*M(15)*M(13)-2*M(18)*M(16);
    C(86) = -2*M(15)*M(14)-2*M(18)*M(17);
    C(87) = M(15)*M(18)^2+M(15)^3;
    C(88) = M(15)^2*M(18)+M(18)^3;
    C(149) = -2*M(18)*M(6)-2*M(15)*M(3);
    C(61) = 2*M(15)-M(1);
    C(14) = 2*M(15)-M(8);
    C(62) = 2*M(18)-M(4);
    C(15) = 2*M(18)-M(11);
    C(199) = -1-M(3)^2-M(6)^2;
    C([176,223]) = -1+M(6)^2+M(3)^2;
    C(59) = -1-M(12)^2-M(9)^2;
    C([36,93]) = -1+M(12)^2+M(9)^2;
    C(227) = M(3)^3-M(3)+M(3)*M(6)^2;
    C(228) = M(6)^3-M(6)+M(3)^2*M(6);
    C(37) = M(9)*M(12)^2+M(9)^3-M(9);
    C(38) = M(9)^2*M(12)+M(12)^3-M(12);
    C(81) = M(15)^2*M(13)-M(18)^2*M(13)+2*M(15)*M(18)*M(16);
    C(84) = M(15)^2*M(14)-M(18)^2*M(14)+2*M(15)*M(18)*M(17);
    C(82) = M(18)^2*M(16)-M(15)^2*M(16)+2*M(15)*M(18)*M(13);
    C(85) = M(18)^2*M(17)-M(15)^2*M(17)+2*M(15)*M(18)*M(14);
    C(253) = -M(4)^2+M(5)^2-M(1)^2+M(2)^2;
    C(106) = M(10)^2+M(7)^2-M(8)^2-M(11)^2;
    C(156) = -M(14)^2-M(17)^2+M(16)^2+M(13)^2;
    C(213) = -M(16)^2+M(17)^2-M(13)^2+M(14)^2;
    C(169) = M(16)^2+M(17)^2+M(13)^2+M(14)^2;
    C(246) = -2*M(2)*M(13)-2*M(14)*M(1)-2*M(5)*M(16)-2*M(17)*M(4);
    C(133) = -2*M(8)*M(13)-2*M(14)*M(7)-2*M(11)*M(16)-2*M(17)*M(10);
    C(136) = -2*M(8)*M(14)-2*M(11)*M(17)+2*M(7)*M(13)+2*M(10)*M(16);
    C(177) = 3*M(9)*M(3)^2+M(9)*M(6)^2+2*M(3)*M(12)*M(6)-M(9);
    C(56) = -2*M(9)*M(8)-2*M(12)*M(11)+2*M(9)*M(15)+2*M(12)*M(18);
    C(73) = -2*M(9)*M(13)-2*M(15)*M(7)-2*M(12)*M(16)-2*M(18)*M(10);
    C(97) = 3*M(9)^2*M(3)+M(3)*M(12)^2+2*M(9)*M(12)*M(6)-M(3);
    C(31) = M(9)^2*M(7)-M(12)^2*M(7)+2*M(9)*M(12)*M(10)-M(7);
    C(34) = M(9)^2*M(8)-M(12)^2*M(8)+2*M(9)*M(12)*M(11)+M(8);
    C(32) = M(12)^2*M(10)-M(9)^2*M(10)+2*M(9)*M(12)*M(7)-M(10);
    C(35) = M(12)^2*M(11)-M(9)^2*M(11)+2*M(9)*M(12)*M(8)+M(11);
    C(146) = -2*M(15)*M(2)-2*M(3)*M(14)-2*M(18)*M(5)-2*M(6)*M(17);
    C(193) = 2*M(15)*M(3)+2*M(18)*M(6)-2*M(1)*M(3)-2*M(4)*M(6);
    C(147) = 3*M(15)^2*M(3)+M(3)*M(18)^2+2*M(15)*M(18)*M(6)+2*M(13);
    C(243) = -2*M(16)*M(4)+2*M(17)*M(5)-2*M(13)*M(1)+2*M(14)*M(2);
    C(222) = 2*M(3)*M(6)*M(1)+M(6)^2*M(4)-M(3)^2*M(4)+M(4);
    C(225) = 2*M(3)*M(6)*M(2)-M(5)+M(6)^2*M(5)-M(3)^2*M(5);
    C(221) = 2*M(3)*M(6)*M(4)-M(6)^2*M(1)+M(3)^2*M(1)+M(1);
    C(224) = 2*M(3)*M(6)*M(5)+M(3)^2*M(2)-M(6)^2*M(2)-M(2);
    C(178) = 2*M(9)*M(6)*M(3)+M(3)^2*M(12)+3*M(12)*M(6)^2-M(12);
    C(98) = 2*M(9)*M(12)*M(3)+3*M(12)^2*M(6)+M(9)^2*M(6)-M(6);
    C(148) = 2*M(15)*M(18)*M(3)+M(15)^2*M(6)+3*M(18)^2*M(6)+2*M(16);
    C(78) = 2*M(15)*M(18)*M(9)+3*M(12)*M(18)^2+M(15)^2*M(12)+2*M(17);
    C(77) = 2*M(15)*M(18)*M(12)+3*M(9)*M(15)^2+M(9)*M(18)^2+2*M(14);
    C(255) = M(2)^2*M(5)+M(4)^2*M(5)-M(1)^2*M(5)+2*M(1)*M(4)*M(2)+M(5)^3;
    C(197) = 3*M(15)*M(3)^2+M(15)*M(6)^2+2*M(3)*M(18)*M(6)+2*M(1)-M(15);
    C(254) = 2*M(1)*M(4)*M(5)+M(2)^3+M(1)^2*M(2)+M(2)*M(5)^2-M(4)^2*M(2);
    C(252) = 2*M(2)*M(5)*M(1)+M(4)^3-M(2)^2*M(4)+M(1)^2*M(4)+M(5)^2*M(4);
    C(251) = 2*M(2)*M(5)*M(4)+M(1)^3-M(5)^2*M(1)+M(2)^2*M(1)+M(1)*M(4)^2;
    C(105) = 2*M(7)*M(10)*M(8)+M(11)^3+M(8)^2*M(11)+M(10)^2*M(11)-M(7)^2*M(11);
    C(104) = 2*M(7)*M(10)*M(11)+M(7)^2*M(8)+M(8)*M(11)^2-M(10)^2*M(8)+M(8)^3;
    C(102) = 2*M(8)*M(11)*M(7)+M(11)^2*M(10)-M(8)^2*M(10)+M(7)^2*M(10)+M(10)^3;
    C(101) = 2*M(8)*M(11)*M(10)-M(11)^2*M(7)+M(7)*M(10)^2+M(8)^2*M(7)+M(7)^3;
    C(58) = 2*M(9)*M(12)*M(15)+3*M(12)^2*M(18)+M(9)^2*M(18)-M(18)+2*M(11);
    C(57) = 2*M(9)*M(12)*M(18)+3*M(9)^2*M(15)+M(15)*M(12)^2+2*M(8)-M(15);
    C(165) = 2*M(13)*M(16)*M(14)+M(17)^3+M(14)^2*M(17)+M(16)^2*M(17)-M(13)^2*M(17);
    C(164) = 2*M(13)*M(16)*M(17)+M(13)^2*M(14)+M(14)*M(17)^2-M(16)^2*M(14)+M(14)^3;
    C(162) = 2*M(14)*M(17)*M(13)+M(17)^2*M(16)-M(14)^2*M(16)+M(13)^2*M(16)+M(16)^3;
    C(161) = 2*M(14)*M(17)*M(16)-M(17)^2*M(13)+M(13)*M(16)^2+M(14)^2*M(13)+M(13)^3;
    C(198) = 2*M(15)*M(6)*M(3)+M(3)^2*M(18)+3*M(18)*M(6)^2+2*M(4)-M(18);
    C(76) = M(18)^2+M(15)^2-2*M(9)*M(14)-2*M(15)*M(8)-2*M(12)*M(17)-2*M(18)*M(11);
    C(233) = -2*M(1)*M(2)-2*M(4)*M(5)-2*M(10)*M(4)+2*M(11)*M(5)-2*M(7)*M(1)+2*M(8)*M(2);
    C(250) = -M(1)*M(5)+M(17)*M(3)+M(5)*M(15)-M(18)*M(2)-M(6)*M(14)+M(4)*M(2);
    C(240) = M(1)*M(6)+M(11)*M(3)+M(5)*M(9)-M(12)*M(2)-M(6)*M(8)-M(4)*M(3);
    C(257) = M(1)^2*M(3)+M(2)^2*M(3)-M(4)^2*M(3)-M(5)^2*M(3)+2*M(1)*M(4)*M(6)+2*M(2)*M(5)*M(6);
    C(189) = -2*M(3)*M(8)-2*M(9)*M(2)-2*M(12)*M(10)-2*M(6)*M(11)-2*M(12)*M(5)-2*M(9)*M(7);
    C(258) = M(4)^2*M(6)+M(5)^2*M(6)-M(1)^2*M(6)-M(2)^2*M(6)+2*M(1)*M(4)*M(3)+2*M(2)*M(5)*M(3);
    C(190) = M(7)*M(6)+M(1)*M(12)+M(11)*M(9)-M(12)*M(8)-M(10)*M(3)-M(4)*M(9);
    C(140) = -M(7)*M(11)+M(7)*M(18)+M(13)*M(12)+M(10)*M(8)-M(10)*M(15)-M(16)*M(9);
    C(160) = -M(7)*M(17)-M(13)*M(11)+M(13)*M(18)+M(10)*M(14)+M(16)*M(8)-M(16)*M(15);
    C(186) = -2*M(8)*M(2)-2*M(11)*M(10)-2*M(11)*M(5)+2*M(10)*M(4)+2*M(7)*M(1)-2*M(8)*M(7);
    C(239) = -2*M(9)*M(1)-2*M(3)*M(2)-2*M(6)*M(10)-2*M(12)*M(4)-2*M(6)*M(5)-2*M(3)*M(7);
    C(126) = -2*M(9)*M(2)-2*M(3)*M(8)-2*M(12)*M(5)-2*M(6)*M(11)+2*M(15)*M(3)+2*M(18)*M(6);
    C(123) = 2*M(9)*M(15)+2*M(12)*M(18)-2*M(9)*M(1)-2*M(3)*M(7)-2*M(12)*M(4)-2*M(6)*M(10);
    C(220) = -M(13)*M(5)-M(1)*M(17)+M(17)*M(15)-M(18)*M(14)+M(16)*M(2)+M(4)*M(14);
    C(143) = -2*M(15)*M(1)-2*M(3)*M(13)-2*M(18)*M(4)-2*M(6)*M(16)+M(18)^2+M(15)^2;
    C(219) = -2*M(18)*M(16)+2*M(16)*M(4)+2*M(17)*M(5)+2*M(13)*M(1)+2*M(14)*M(2)-2*M(15)*M(13);
    C(159) = -2*M(18)*M(17)+2*M(7)*M(13)+2*M(8)*M(14)+2*M(10)*M(16)+2*M(11)*M(17)-2*M(15)*M(14);
    C(108) = 2*M(7)*M(10)*M(9)+2*M(8)*M(11)*M(9)+M(10)^2*M(12)+M(11)^2*M(12)-M(7)^2*M(12)-M(8)^2*M(12);
    C(107) = 2*M(7)*M(10)*M(12)+2*M(8)*M(11)*M(12)+M(7)^2*M(9)+M(8)^2*M(9)-M(10)^2*M(9)-M(11)^2*M(9);
    C(128) = 2*M(9)*M(6)*M(15)+2*M(3)*M(12)*M(15)+2*M(3)*M(18)*M(9)+6*M(12)*M(18)*M(6)+2*M(10)+2*M(5);
    C(127) = 6*M(9)*M(15)*M(3)+2*M(9)*M(6)*M(18)+2*M(15)*M(6)*M(12)+2*M(3)*M(12)*M(18)+2*M(7)+2*M(2);
    C(168) = 2*M(13)*M(16)*M(15)+2*M(14)*M(17)*M(15)+M(16)^2*M(18)+M(17)^2*M(18)-M(13)^2*M(18)-M(14)^2*M(18);
    C(167) = 2*M(13)*M(16)*M(18)+2*M(14)*M(17)*M(18)+M(13)^2*M(15)+M(14)^2*M(15)-M(16)^2*M(15)-M(17)^2*M(15);
    C(141) = M(15)^2*M(1)-M(18)^2*M(1)+2*M(15)*M(3)*M(13)+2*M(15)*M(18)*M(4)+2*M(15)*M(6)*M(16)+2*M(3)*M(18)*M(16)-2*M(18)*M(6)*M(13);
    C(144) = M(15)^2*M(2)-M(18)^2*M(2)+2*M(15)*M(3)*M(14)+2*M(15)*M(18)*M(5)+2*M(15)*M(6)*M(17)+2*M(3)*M(18)*M(17)-2*M(18)*M(6)*M(14);
    C(142) = M(18)^2*M(4)-M(15)^2*M(4)+2*M(15)*M(18)*M(1)+2*M(15)*M(6)*M(13)+2*M(3)*M(18)*M(13)+2*M(18)*M(6)*M(16)-2*M(15)*M(3)*M(16);
    C(145) = M(18)^2*M(5)-M(15)^2*M(5)+2*M(15)*M(18)*M(2)+2*M(15)*M(6)*M(14)+2*M(3)*M(18)*M(14)+2*M(18)*M(6)*M(17)-2*M(15)*M(3)*M(17);
    C(71) = 2*M(9)*M(15)*M(13)+2*M(15)*M(18)*M(10)+2*M(9)*M(18)*M(16)+2*M(15)*M(12)*M(16)-2*M(12)*M(18)*M(13)+M(15)^2*M(7)-M(18)^2*M(7);
    C(74) = 2*M(9)*M(15)*M(14)+2*M(15)*M(18)*M(11)+2*M(9)*M(18)*M(17)+2*M(15)*M(12)*M(17)-2*M(12)*M(18)*M(14)+M(15)^2*M(8)-M(18)^2*M(8);
    C(72) = 2*M(15)*M(18)*M(7)+2*M(9)*M(18)*M(13)+2*M(15)*M(12)*M(13)+2*M(12)*M(18)*M(16)-2*M(9)*M(15)*M(16)+M(18)^2*M(10)-M(15)^2*M(10);
