% Input: coefficient matrix C of size 10x21

function [x1,x2,x3,x4,x5] = std_47x55_colpiv_rollingshutter(C)

    i_dx = [1,1,1,1,1,1,1,1,1,1,1,1,1,1,1,1,1,1,1,1,1,2,2,2,2,2,2,2,2,2,2,2,2,2,2,2,2,2,2,2,2,2,3,3,3,3,3,3,3,3,3,3,3,3,3,3,3,3,3,3,3,3,3,4,4,4,4,4,4,4,4,4,4,4,4,4,4,4,4,4,4,4,4,4,5,5,5,5,5,5,5,5,5,5,5,5,5,5,5,5,5,5,5,5,5,6,6,6,6,6,6,6,6,6,6,6,6,6,6,6,6,6,6,6,6,6,7,7,7,7,7,7,7,7,7,7,7,7,7,7,7,7,7,7,7,7,7,8,8,8,8,8,8,8,8,8,8,8,8,8,8,8,8,8,8,8,8,8,9,9,9,9,9,9,9,9,9,9,9,9,9,9,9,9,9,9,9,9,9,10,10,10,10,10,10,10,10,10,10,10,10,10,10,10,10,10,10,10,10,10,11,11,11,11,11,11,11,11,11,11,11,11,11,11,11,11,11,11,11,11,11,12,12,12,12,12,12,12,12,12,12,12,12,12,12,12,12,12,12,12,12,12,13,13,13,13,13,13,13,13,13,13,13,13,13,13,13,13,13,13,13,13,13,14,14,14,14,14,14,14,14,14,14,14,14,14,14,14,14,14,14,14,14,14,15,15,15,15,15,15,15,15,15,15,15,15,15,15,15,15,15,15,15,15,15,16,16,16,16,16,16,16,16,16,16,16,16,16,16,16,16,16,16,16,16,16,17,17,17,17,17,17,17,17,17,17,17,17,17,17,17,17,17,17,17,17,17,18,18,18,18,18,18,18,18,18,18,18,18,18,18,18,18,18,18,18,18,18,19,19,19,19,19,19,19,19,19,19,19,19,19,19,19,19,19,19,19,19,19,20,20,20,20,20,20,20,20,20,20,20,20,20,20,20,20,20,20,20,20,20,21,21,21,21,21,21,21,21,21,21,21,21,21,21,21,21,21,21,21,21,21,22,22,22,22,22,22,22,22,22,22,22,22,22,22,22,22,22,22,22,22,22,23,23,23,23,23,23,23,23,23,23,23,23,23,23,23,23,23,23,23,23,23,24,24,24,24,24,24,24,24,24,24,24,24,24,24,24,24,24,24,24,24,24,25,25,25,25,25,25,25,25,25,25,25,25,25,25,25,25,25,25,25,25,25,26,26,26,26,26,26,26,26,26,26,26,26,26,26,26,26,26,26,26,26,26,27,27,27,27,27,27,27,27,27,27,27,27,27,27,27,27,27,27,27,27,27,28,28,28,28,28,28,28,28,28,28,28,28,28,28,28,28,28,28,28,28,28,29,29,29,29,29,29,29,29,29,29,29,29,29,29,29,29,29,29,29,29,29,30,30,30,30,30,30,30,30,30,30,30,30,30,30,30,30,30,30,30,30,30,31,31,31,31,31,31,31,31,31,31,31,31,31,31,31,31,31,31,31,31,31,32,32,32,32,32,32,32,32,32,32,32,32,32,32,32,32,32,32,32,32,32,33,33,33,33,33,33,33,33,33,33,33,33,33,33,33,33,33,33,33,33,33,34,34,34,34,34,34,34,34,34,34,34,34,34,34,34,34,34,34,34,34,34,35,35,35,35,35,35,35,35,35,35,35,35,35,35,35,35,35,35,35,35,35,36,36,36,36,36,36,36,36,36,36,36,36,36,36,36,36,36,36,36,36,36,37,37,37,37,37,37,37,37,37,37,37,37,37,37,37,37,37,37,37,37,37,38,38,38,38,38,38,38,38,38,38,38,38,38,38,38,38,38,38,38,38,38,39,39,39,39,39,39,39,39,39,39,39,39,39,39,39,39,39,39,39,39,39,40,40,40,40,40,40,40,40,40,40,40,40,40,40,40,40,40,40,40,40,40,41,41,41,41,41,41,41,41,41,41,41,41,41,41,41,41,41,41,41,41,41,42,42,42,42,42,42,42,42,42,42,42,42,42,42,42,42,42,42,42,42,42,43,43,43,43,43,43,43,43,43,43,43,43,43,43,43,43,43,43,43,43,43,44,44,44,44,44,44,44,44,44,44,44,44,44,44,44,44,44,44,44,44,44,45,45,45,45,45,45,45,45,45,45,45,45,45,45,45,45,45,45,45,45,45,46,46,46,46,46,46,46,46,46,46,46,46,46,46,46,46,46,46,46,46,46,47,47,47,47,47,47,47,47,47,47,47,47,47,47,47,47,47,47,47,47,47];
    j_dx = [20,21,22,23,24,25,26,27,28,29,30,31,32,33,34,35,36,38,41,45,50,1,2,3,4,5,7,10,11,13,16,21,22,24,27,31,36,37,39,42,46,51,4,5,6,7,8,9,13,14,15,18,26,27,28,29,33,41,42,43,44,48,53,10,11,12,13,14,15,16,17,18,19,30,31,32,33,34,45,46,47,48,49,54,35,36,37,38,39,40,41,42,43,44,45,46,47,48,49,50,51,52,53,54,55,20,21,22,23,24,25,26,27,28,29,30,31,32,33,34,35,36,38,41,45,50,1,2,3,4,5,7,10,11,13,16,21,22,24,27,31,36,37,39,42,46,51,4,5,6,7,8,9,13,14,15,18,26,27,28,29,33,41,42,43,44,48,53,10,11,12,13,14,15,16,17,18,19,30,31,32,33,34,45,46,47,48,49,54,35,36,37,38,39,40,41,42,43,44,45,46,47,48,49,50,51,52,53,54,55,20,21,22,23,24,25,26,27,28,29,30,31,32,33,34,35,36,38,41,45,50,1,2,3,4,5,7,10,11,13,16,21,22,24,27,31,36,37,39,42,46,51,4,5,6,7,8,9,13,14,15,18,26,27,28,29,33,41,42,43,44,48,53,10,11,12,13,14,15,16,17,18,19,30,31,32,33,34,45,46,47,48,49,54,35,36,37,38,39,40,41,42,43,44,45,46,47,48,49,50,51,52,53,54,55,20,21,22,23,24,25,26,27,28,29,30,31,32,33,34,35,36,38,41,45,50,1,2,3,4,5,7,10,11,13,16,21,22,24,27,31,36,37,39,42,46,51,4,5,6,7,8,9,13,14,15,18,26,27,28,29,33,41,42,43,44,48,53,10,11,12,13,14,15,16,17,18,19,30,31,32,33,34,45,46,47,48,49,54,35,36,37,38,39,40,41,42,43,44,45,46,47,48,49,50,51,52,53,54,55,20,21,22,23,24,25,26,27,28,29,30,31,32,33,34,35,36,38,41,45,50,1,2,3,4,5,7,10,11,13,16,21,22,24,27,31,36,37,39,42,46,51,4,5,6,7,8,9,13,14,15,18,26,27,28,29,33,41,42,43,44,48,53,10,11,12,13,14,15,16,17,18,19,30,31,32,33,34,45,46,47,48,49,54,35,36,37,38,39,40,41,42,43,44,45,46,47,48,49,50,51,52,53,54,55,20,21,22,23,24,25,26,27,28,29,30,31,32,33,34,35,36,38,41,45,50,1,2,3,4,5,7,10,11,13,16,21,22,24,27,31,36,37,39,42,46,51,4,5,6,7,8,9,13,14,15,18,26,27,28,29,33,41,42,43,44,48,53,10,11,12,13,14,15,16,17,18,19,30,31,32,33,34,45,46,47,48,49,54,35,36,37,38,39,40,41,42,43,44,45,46,47,48,49,50,51,52,53,54,55,20,21,22,23,24,25,26,27,28,29,30,31,32,33,34,35,36,38,41,45,50,1,2,3,4,5,7,10,11,13,16,21,22,24,27,31,36,37,39,42,46,51,4,5,6,7,8,9,13,14,15,18,26,27,28,29,33,41,42,43,44,48,53,10,11,12,13,14,15,16,17,18,19,30,31,32,33,34,45,46,47,48,49,54,35,36,37,38,39,40,41,42,43,44,45,46,47,48,49,50,51,52,53,54,55,20,21,22,23,24,25,26,27,28,29,30,31,32,33,34,35,36,38,41,45,50,1,2,3,4,5,7,10,11,13,16,21,22,24,27,31,36,37,39,42,46,51,4,5,6,7,8,9,13,14,15,18,26,27,28,29,33,41,42,43,44,48,53,10,11,12,13,14,15,16,17,18,19,30,31,32,33,34,45,46,47,48,49,54,35,36,37,38,39,40,41,42,43,44,45,46,47,48,49,50,51,52,53,54,55,20,21,22,23,24,25,26,27,28,29,30,31,32,33,34,35,36,38,41,45,50,1,2,3,4,5,7,10,11,13,16,21,22,24,27,31,36,37,39,42,46,51,4,5,6,7,8,9,13,14,15,18,26,27,28,29,33,41,42,43,44,48,53,10,11,12,13,14,15,16,17,18,19,30,31,32,33,34,45,46,47,48,49,54,35,36,37,38,39,40,41,42,43,44,45,46,47,48,49,50,51,52,53,54,55,20,21,22,23,24,25,26,27,28,29,30,31,32,33,34,35,36,38,41,45,50,1,2,3,4,5,7,10,11,13,16,21,22,24,27,31,36,37,39,42,46,51];
