% Input: coefficient matrix C of size 3x20
% Output: solution matrix S of size 3x33

function S = red_65x98_satellite_triang(C)

    ix = [1,1,1,1,1,1,1,1,1,1,1,1,1,1,1,1,1,1,1,1,2,2,2,2,2,2,2,2,2,2,2,2,2,2,2,2,2,2,2,3,3,3,3,3,3,3,3,3,3,3,3,3,3,3,3,3,3,3,4,4,4,4,4,4,4,4,4,4,4,4,4,4,4,4,4,4,4,4,5,5,5,5,5,5,5,5,5,5,5,5,5,5,5,5,5,5,5,5,6,6,6,6,6,6,6,6,6,6,6,6,6,6,6,6,6,6,6,6,7,7,7,7,7,7,7,7,7,7,7,7,7,7,7,7,7,7,7,7,8,8,8,8,8,8,8,8,8,8,8,8,8,8,8,8,8,8,8,8,9,9,9,9,9,9,9,9,9,9,9,9,9,9,9,9,9,9,9,9,10,10,10,10,10,10,10,10,10,10,10,10,10,10,10,10,10,10,10,10,11,11,11,11,11,11,11,11,11,11,11,11,11,11,11,11,11,11,11,11,12,12,12,12,12,12,12,12,12,12,12,12,12,12,12,12,12,12,12,12,13,13,13,13,13,13,13,13,13,13,13,13,13,13,13,13,13,13,13,13,14,14,14,14,14,14,14,14,14,14,14,14,14,14,14,14,14,14,14,14,15,15,15,15,15,15,15,15,15,15,15,15,15,15,15,15,15,15,15,15,16,16,16,16,16,16,16,16,16,16,16,16,16,16,16,16,16,16,16,16,17,17,17,17,17,17,17,17,17,17,17,17,17,17,17,17,17,17,17,17,18,18,18,18,18,18,18,18,18,18,18,18,18,18,18,18,18,18,18,18,19,19,19,19,19,19,19,19,19,19,19,19,19,19,19,19,19,19,19,19,20,20,20,20,20,20,20,20,20,20,20,20,20,20,20,20,20,20,20,20,21,21,21,21,21,21,21,21,21,21,21,21,21,21,21,21,21,21,21,21,22,22,22,22,22,22,22,22,22,22,22,22,22,22,22,22,22,22,22,22,23,23,23,23,23,23,23,23,23,23,23,23,23,23,23,23,23,23,23,24,24,24,24,24,24,24,24,24,24,24,24,24,24,24,24,24,24,24,25,25,25,25,25,25,25,25,25,25,25,25,25,25,25,25,25,25,25,25,26,26,26,26,26,26,26,26,26,26,26,26,26,26,26,26,26,26,26,26,27,27,27,27,27,27,27,27,27,27,27,27,27,27,27,27,27,27,27,27,28,28,28,28,28,28,28,28,28,28,28,28,28,28,28,28,28,28,28,28,29,29,29,29,29,29,29,29,29,29,29,29,29,29,29,29,29,29,29,29,30,30,30,30,30,30,30,30,30,30,30,30,30,30,30,30,30,30,30,30,31,31,31,31,31,31,31,31,31,31,31,31,31,31,31,31,31,31,31,31,32,32,32,32,32,32,32,32,32,32,32,32,32,32,32,32,32,32,32,32,33,33,33,33,33,33,33,33,33,33,33,33,33,33,33,33,33,33,33,33,34,34,34,34,34,34,34,34,34,34,34,34,34,34,34,34,34,34,34,34,35,35,35,35,35,35,35,35,35,35,35,35,35,35,35,35,35,35,35,35,36,36,36,36,36,36,36,36,36,36,36,36,36,36,36,36,36,36,36,36,37,37,37,37,37,37,37,37,37,37,37,37,37,37,37,37,37,37,37,37,38,38,38,38,38,38,38,38,38,38,38,38,38,38,38,38,38,38,38,38,39,39,39,39,39,39,39,39,39,39,39,39,39,39,39,39,39,39,39,39,40,40,40,40,40,40,40,40,40,40,40,40,40,40,40,40,40,40,40,40,41,41,41,41,41,41,41,41,41,41,41,41,41,41,41,41,41,41,41,41,42,42,42,42,42,42,42,42,42,42,42,42,42,42,42,42,42,42,42,42,43,43,43,43,43,43,43,43,43,43,43,43,43,43,43,43,43,43,43,43,44,44,44,44,44,44,44,44,44,44,44,44,44,44,44,44,44,44,44,44,45,45,45,45,45,45,45,45,45,45,45,45,45,45,45,45,45,45,45,46,46,46,46,46,46,46,46,46,46,46,46,46,46,46,46,46,46,46,46,47,47,47,47,47,47,47,47,47,47,47,47,47,47,47,47,47,47,47,47,48,48,48,48,48,48,48,48,48,48,48,48,48,48,48,48,48,48,48,48,49,49,49,49,49,49,49,49,49,49,49,49,49,49,49,49,49,49,49,49,50,50,50,50,50,50,50,50,50,50,50,50,50,50,50,50,50,50,50,50,51,51,51,51,51,51,51,51,51,51,51,51,51,51,51,51,51,51,51,51,52,52,52,52,52,52,52,52,52,52,52,52,52,52,52,52,52,52,52,52,53,53,53,53,53,53,53,53,53,53,53,53,53,53,53,53,53,53,53,53,54,54,54,54,54,54,54,54,54,54,54,54,54,54,54,54,54,54,54,54,55,55,55,55,55,55,55,55,55,55,55,55,55,55,55,55,55,55,55,55,56,56,56,56,56,56,56,56,56,56,56,56,56,56,56,56,56,56,56,56,57,57,57,57,57,57,57,57,57,57,57,57,57,57,57,57,57,57,57,57,58,58,58,58,58,58,58,58,58,58,58,58,58,58,58,58,58,58,58,58,59,59,59,59,59,59,59,59,59,59,59,59,59,59,59,59,59,59,59,59,60,60,60,60,60,60,60,60,60,60,60,60,60,60,60,60,60,60,60,60,61,61,61,61,61,61,61,61,61,61,61,61,61,61,61,61,61,61,61,61,62,62,62,62,62,62,62,62,62,62,62,62,62,62,62,62,62,62,62,62,63,63,63,63,63,63,63,63,63,63,63,63,63,63,63,63,63,63,63,63,64,64,64,64,64,64,64,64,64,64,64,64,64,64,64,64,64,64,64,64,65,65,65,65,65,65,65,65,65,65,65,65,65,65,65,65,65,65,65,65];
    jx = [1,2,3,4,6,7,8,9,26,27,32,41,52,54,55,56,66,68,69,70,2,3,4,5,7,9,13,27,28,33,42,52,53,55,57,66,67,69,71,6,7,13,32,33,37,46,54,55,56,57,58,66,67,68,69,70,71,72,10,11,13,14,15,17,18,21,28,29,30,34,35,39,43,44,48,51,52,53,10,11,12,14,15,16,18,19,22,29,30,31,35,36,40,44,45,53,59,82,13,14,17,20,23,32,33,34,37,38,46,47,54,55,56,57,58,76,83,89,13,14,15,17,18,20,21,24,33,34,35,38,39,47,48,55,57,77,84,90,13,14,15,16,17,18,19,21,22,25,34,35,36,39,40,48,78,82,85,91,17,18,20,21,23,24,37,38,39,56,57,58,73,76,77,79,83,84,86,92,17,18,19,20,21,22,24,25,38,39,40,57,74,77,78,80,84,85,87,93,20,21,22,23,24,25,58,73,74,75,76,77,78,79,80,81,86,87,88,94,26,27,28,29,32,33,34,37,38,41,42,43,46,47,49,50,60,76,83,89,27,28,29,30,33,34,35,38,39,42,43,44,47,48,50,51,61,77,84,90,28,29,30,31,34,35,36,39,40,43,44,45,48,51,59,62,78,82,85,91,32,33,34,35,37,38,39,46,47,48,76,77,79,83,84,86,89,90,92,95,33,34,35,36,38,39,40,47,48,77,78,80,82,84,85,87,90,91,93,96,37,38,39,40,76,77,78,79,80,81,83,84,85,86,87,88,92,93,94,97,41,42,43,44,46,47,48,49,50,51,60,61,63,83,84,86,89,90,92,95,42,43,44,45,47,48,50,51,59,61,62,64,82,84,85,87,90,91,93,96,46,47,48,82,83,84,85,86,87,88,89,90,91,92,93,94,95,96,97,98,49,50,51,59,60,61,62,63,64,65,89,90,91,92,93,94,95,96,97,98,1,2,3,4,6,7,8,9,26,27,32,41,52,54,55,56,66,68,69,70,2,3,4,5,7,9,13,27,28,33,42,52,53,55,57,66,67,69,71,6,7,13,32,33,37,46,54,55,56,57,58,66,67,68,69,70,71,72,9,10,13,14,17,20,27,28,29,33,34,38,42,43,47,50,52,53,55,57,10,11,13,14,15,17,18,21,28,29,30,34,35,39,43,44,48,51,52,53,10,11,12,14,15,16,18,19,22,29,30,31,35,36,40,44,45,53,59,82,13,14,17,20,23,32,33,34,37,38,46,47,54,55,56,57,58,76,83,89,13,14,15,17,18,20,21,24,33,34,35,38,39,47,48,55,57,77,84,90,13,14,15,16,17,18,19,21,22,25,34,35,36,39,40,48,78,82,85,91,17,18,20,21,23,24,37,38,39,56,57,58,73,76,77,79,83,84,86,92,17,18,19,20,21,22,24,25,38,39,40,57,74,77,78,80,84,85,87,93,20,21,22,23,24,25,58,73,74,75,76,77,78,79,80,81,86,87,88,94,26,27,28,29,32,33,34,37,38,41,42,43,46,47,49,50,60,76,83,89,27,28,29,30,33,34,35,38,39,42,43,44,47,48,50,51,61,77,84,90,28,29,30,31,34,35,36,39,40,43,44,45,48,51,59,62,78,82,85,91,32,33,34,35,37,38,39,46,47,48,76,77,79,83,84,86,89,90,92,95,33,34,35,36,38,39,40,47,48,77,78,80,82,84,85,87,90,91,93,96,37,38,39,40,76,77,78,79,80,81,83,84,85,86,87,88,92,93,94,97,41,42,43,44,46,47,48,49,50,51,60,61,63,83,84,86,89,90,92,95,42,43,44,45,47,48,50,51,59,61,62,64,82,84,85,87,90,91,93,96,46,47,48,82,83,84,85,86,87,88,89,90,91,92,93,94,95,96,97,98,49,50,51,59,60,61,62,63,64,65,89,90,91,92,93,94,95,96,97,98,1,2,3,4,6,7,8,9,26,27,32,41,52,54,55,56,66,68,69,70,2,3,4,5,7,9,13,27,28,33,42,52,53,55,57,66,67,69,71,8,9,13,26,27,28,32,33,37,41,42,46,49,52,53,54,55,56,57,58,9,10,13,14,17,20,27,28,29,33,34,38,42,43,47,50,52,53,55,57,10,11,13,14,15,17,18,21,28,29,30,34,35,39,43,44,48,51,52,53,10,11,12,14,15,16,18,19,22,29,30,31,35,36,40,44,45,53,59,82,13,14,17,20,23,32,33,34,37,38,46,47,54,55,56,57,58,76,83,89,13,14,15,17,18,20,21,24,33,34,35,38,39,47,48,55,57,77,84,90,13,14,15,16,17,18,19,21,22,25,34,35,36,39,40,48,78,82,85,91,17,18,20,21,23,24,37,38,39,56,57,58,73,76,77,79,83,84,86,92,17,18,19,20,21,22,24,25,38,39,40,57,74,77,78,80,84,85,87,93,20,21,22,23,24,25,58,73,74,75,76,77,78,79,80,81,86,87,88,94,26,27,28,29,32,33,34,37,38,41,42,43,46,47,49,50,60,76,83,89,27,28,29,30,33,34,35,38,39,42,43,44,47,48,50,51,61,77,84,90,28,29,30,31,34,35,36,39,40,43,44,45,48,51,59,62,78,82,85,91,32,33,34,35,37,38,39,46,47,48,76,77,79,83,84,86,89,90,92,95,33,34,35,36,38,39,40,47,48,77,78,80,82,84,85,87,90,91,93,96,37,38,39,40,76,77,78,79,80,81,83,84,85,86,87,88,92,93,94,97,41,42,43,44,46,47,48,49,50,51,60,61,63,83,84,86,89,90,92,95,42,43,44,45,47,48,50,51,59,61,62,64,82,84,85,87,90,91,93,96,46,47,48,82,83,84,85,86,87,88,89,90,91,92,93,94,95,96,97,98,49,50,51,59,60,61,62,63,64,65,89,90,91,92,93,94,95,96,97,98];
