% Input: coefficient matrix C of size 3x20
% Output: solution matrix S of size 3x33

function S = red_66x99_colpiv_satellite_triang(C)

    ix = [1,1,1,1,1,1,1,1,1,1,1,1,1,1,1,1,1,1,1,1,2,2,2,2,2,2,2,2,2,2,2,2,2,2,2,2,2,2,2,2,3,3,3,3,3,3,3,3,3,3,3,3,3,3,3,3,3,3,3,3,4,4,4,4,4,4,4,4,4,4,4,4,4,4,4,4,4,4,4,4,5,5,5,5,5,5,5,5,5,5,5,5,5,5,5,5,5,5,5,5,6,6,6,6,6,6,6,6,6,6,6,6,6,6,6,6,6,6,6,6,7,7,7,7,7,7,7,7,7,7,7,7,7,7,7,7,7,7,7,7,8,8,8,8,8,8,8,8,8,8,8,8,8,8,8,8,8,8,8,8,9,9,9,9,9,9,9,9,9,9,9,9,9,9,9,9,9,9,9,9,10,10,10,10,10,10,10,10,10,10,10,10,10,10,10,10,10,10,10,10,11,11,11,11,11,11,11,11,11,11,11,11,11,11,11,11,11,11,11,11,12,12,12,12,12,12,12,12,12,12,12,12,12,12,12,12,12,12,12,12,13,13,13,13,13,13,13,13,13,13,13,13,13,13,13,13,13,13,13,13,14,14,14,14,14,14,14,14,14,14,14,14,14,14,14,14,14,14,14,14,15,15,15,15,15,15,15,15,15,15,15,15,15,15,15,15,15,15,15,15,16,16,16,16,16,16,16,16,16,16,16,16,16,16,16,16,16,16,16,16,17,17,17,17,17,17,17,17,17,17,17,17,17,17,17,17,17,17,17,17,18,18,18,18,18,18,18,18,18,18,18,18,18,18,18,18,18,18,18,18,19,19,19,19,19,19,19,19,19,19,19,19,19,19,19,19,19,19,19,19,20,20,20,20,20,20,20,20,20,20,20,20,20,20,20,20,20,20,20,20,21,21,21,21,21,21,21,21,21,21,21,21,21,21,21,21,21,21,21,21,22,22,22,22,22,22,22,22,22,22,22,22,22,22,22,22,22,22,22,22,23,23,23,23,23,23,23,23,23,23,23,23,23,23,23,23,23,23,23,23,24,24,24,24,24,24,24,24,24,24,24,24,24,24,24,24,24,24,24,24,25,25,25,25,25,25,25,25,25,25,25,25,25,25,25,25,25,25,25,25,26,26,26,26,26,26,26,26,26,26,26,26,26,26,26,26,26,26,26,26,27,27,27,27,27,27,27,27,27,27,27,27,27,27,27,27,27,27,27,27,28,28,28,28,28,28,28,28,28,28,28,28,28,28,28,28,28,28,28,28,29,29,29,29,29,29,29,29,29,29,29,29,29,29,29,29,29,29,29,29,30,30,30,30,30,30,30,30,30,30,30,30,30,30,30,30,30,30,30,30,31,31,31,31,31,31,31,31,31,31,31,31,31,31,31,31,31,31,31,31,32,32,32,32,32,32,32,32,32,32,32,32,32,32,32,32,32,32,32,32,33,33,33,33,33,33,33,33,33,33,33,33,33,33,33,33,33,33,33,33,34,34,34,34,34,34,34,34,34,34,34,34,34,34,34,34,34,34,34,34,35,35,35,35,35,35,35,35,35,35,35,35,35,35,35,35,35,35,35,35,36,36,36,36,36,36,36,36,36,36,36,36,36,36,36,36,36,36,36,36,37,37,37,37,37,37,37,37,37,37,37,37,37,37,37,37,37,37,37,37,38,38,38,38,38,38,38,38,38,38,38,38,38,38,38,38,38,38,38,38,39,39,39,39,39,39,39,39,39,39,39,39,39,39,39,39,39,39,39,39,40,40,40,40,40,40,40,40,40,40,40,40,40,40,40,40,40,40,40,40,41,41,41,41,41,41,41,41,41,41,41,41,41,41,41,41,41,41,41,41,42,42,42,42,42,42,42,42,42,42,42,42,42,42,42,42,42,42,42,42,43,43,43,43,43,43,43,43,43,43,43,43,43,43,43,43,43,43,43,43,44,44,44,44,44,44,44,44,44,44,44,44,44,44,44,44,44,44,44,44,45,45,45,45,45,45,45,45,45,45,45,45,45,45,45,45,45,45,45,45,46,46,46,46,46,46,46,46,46,46,46,46,46,46,46,46,46,46,46,46,47,47,47,47,47,47,47,47,47,47,47,47,47,47,47,47,47,47,47,47,48,48,48,48,48,48,48,48,48,48,48,48,48,48,48,48,48,48,48,48,49,49,49,49,49,49,49,49,49,49,49,49,49,49,49,49,49,49,49,49,50,50,50,50,50,50,50,50,50,50,50,50,50,50,50,50,50,50,50,50,51,51,51,51,51,51,51,51,51,51,51,51,51,51,51,51,51,51,51,51,52,52,52,52,52,52,52,52,52,52,52,52,52,52,52,52,52,52,52,52,53,53,53,53,53,53,53,53,53,53,53,53,53,53,53,53,53,53,53,53,54,54,54,54,54,54,54,54,54,54,54,54,54,54,54,54,54,54,54,54,55,55,55,55,55,55,55,55,55,55,55,55,55,55,55,55,55,55,55,55,56,56,56,56,56,56,56,56,56,56,56,56,56,56,56,56,56,56,56,56,57,57,57,57,57,57,57,57,57,57,57,57,57,57,57,57,57,57,57,57,58,58,58,58,58,58,58,58,58,58,58,58,58,58,58,58,58,58,58,58,59,59,59,59,59,59,59,59,59,59,59,59,59,59,59,59,59,59,59,59,60,60,60,60,60,60,60,60,60,60,60,60,60,60,60,60,60,60,60,60,61,61,61,61,61,61,61,61,61,61,61,61,61,61,61,61,61,61,61,61,62,62,62,62,62,62,62,62,62,62,62,62,62,62,62,62,62,62,62,62,63,63,63,63,63,63,63,63,63,63,63,63,63,63,63,63,63,63,63,63,64,64,64,64,64,64,64,64,64,64,64,64,64,64,64,64,64,64,64,64,65,65,65,65,65,65,65,65,65,65,65,65,65,65,65,65,65,65,65,65,66,66,66,66,66,66,66,66,66,66,66,66,66,66,66,66,66,66,66,66];
    jx = [1,2,3,4,9,10,11,13,14,19,34,35,36,38,39,41,44,45,50,65,34,35,36,37,38,39,40,41,42,43,44,45,46,50,51,55,65,66,70,80,2,3,4,5,10,11,12,14,15,20,38,39,40,41,42,43,50,51,55,70,45,46,47,48,51,52,53,56,57,60,66,67,68,71,72,75,81,82,85,91,46,47,48,49,52,53,54,57,58,61,67,68,69,72,73,76,82,83,86,92,6,10,11,12,14,15,16,20,21,25,50,51,52,55,56,59,70,71,74,84,50,51,52,53,55,56,57,59,60,62,70,71,72,74,75,77,84,85,87,93,51,52,53,54,56,57,58,60,61,63,71,72,73,75,76,78,85,86,88,94,6,7,11,12,15,16,17,21,22,26,55,56,57,59,60,62,74,75,77,87,55,56,57,58,59,60,61,62,63,64,74,75,76,77,78,79,87,88,89,95,6,7,8,12,16,17,18,22,23,27,59,60,61,62,63,64,77,78,79,89,13,14,15,16,19,20,21,24,25,28,65,66,67,70,71,74,80,81,84,90,65,66,67,68,70,71,72,74,75,77,80,81,82,84,85,87,90,91,93,96,66,67,68,69,71,72,73,75,76,78,81,82,83,85,86,88,91,92,94,97,14,15,16,17,20,21,22,25,26,29,70,71,72,74,75,77,84,85,87,93,70,71,72,73,74,75,76,77,78,79,84,85,86,87,88,89,93,94,95,98,15,16,17,18,21,22,23,26,27,30,74,75,76,77,78,79,87,88,89,95,19,20,21,22,24,25,26,28,29,31,80,81,82,84,85,87,90,91,93,96,80,81,82,83,84,85,86,87,88,89,90,91,92,93,94,95,96,97,98,99,20,21,22,23,25,26,27,29,30,32,84,85,86,87,88,89,93,94,95,98,24,25,26,27,28,29,30,31,32,33,90,91,92,93,94,95,96,97,98,99,1,2,3,4,9,10,11,13,14,19,34,35,36,38,39,41,44,45,50,65,34,35,36,37,38,39,40,41,42,43,44,45,46,50,51,55,65,66,70,80,2,3,4,5,10,11,12,14,15,20,38,39,40,41,42,43,50,51,55,70,44,45,46,47,50,51,52,55,56,59,65,66,67,70,71,74,80,81,84,90,45,46,47,48,51,52,53,56,57,60,66,67,68,71,72,75,81,82,85,91,46,47,48,49,52,53,54,57,58,61,67,68,69,72,73,76,82,83,86,92,6,10,11,12,14,15,16,20,21,25,50,51,52,55,56,59,70,71,74,84,50,51,52,53,55,56,57,59,60,62,70,71,72,74,75,77,84,85,87,93,51,52,53,54,56,57,58,60,61,63,71,72,73,75,76,78,85,86,88,94,6,7,11,12,15,16,17,21,22,26,55,56,57,59,60,62,74,75,77,87,55,56,57,58,59,60,61,62,63,64,74,75,76,77,78,79,87,88,89,95,6,7,8,12,16,17,18,22,23,27,59,60,61,62,63,64,77,78,79,89,13,14,15,16,19,20,21,24,25,28,65,66,67,70,71,74,80,81,84,90,65,66,67,68,70,71,72,74,75,77,80,81,82,84,85,87,90,91,93,96,66,67,68,69,71,72,73,75,76,78,81,82,83,85,86,88,91,92,94,97,14,15,16,17,20,21,22,25,26,29,70,71,72,74,75,77,84,85,87,93,70,71,72,73,74,75,76,77,78,79,84,85,86,87,88,89,93,94,95,98,15,16,17,18,21,22,23,26,27,30,74,75,76,77,78,79,87,88,89,95,19,20,21,22,24,25,26,28,29,31,80,81,82,84,85,87,90,91,93,96,80,81,82,83,84,85,86,87,88,89,90,91,92,93,94,95,96,97,98,99,20,21,22,23,25,26,27,29,30,32,84,85,86,87,88,89,93,94,95,98,24,25,26,27,28,29,30,31,32,33,90,91,92,93,94,95,96,97,98,99,1,2,3,4,9,10,11,13,14,19,34,35,36,38,39,41,44,45,50,65,34,35,36,37,38,39,40,41,42,43,44,45,46,50,51,55,65,66,70,80,2,3,4,5,10,11,12,14,15,20,38,39,40,41,42,43,50,51,55,70,9,10,11,12,13,14,15,19,20,24,44,45,46,50,51,55,65,66,70,80,44,45,46,47,50,51,52,55,56,59,65,66,67,70,71,74,80,81,84,90,45,46,47,48,51,52,53,56,57,60,66,67,68,71,72,75,81,82,85,91,46,47,48,49,52,53,54,57,58,61,67,68,69,72,73,76,82,83,86,92,6,10,11,12,14,15,16,20,21,25,50,51,52,55,56,59,70,71,74,84,50,51,52,53,55,56,57,59,60,62,70,71,72,74,75,77,84,85,87,93,51,52,53,54,56,57,58,60,61,63,71,72,73,75,76,78,85,86,88,94,6,7,11,12,15,16,17,21,22,26,55,56,57,59,60,62,74,75,77,87,55,56,57,58,59,60,61,62,63,64,74,75,76,77,78,79,87,88,89,95,6,7,8,12,16,17,18,22,23,27,59,60,61,62,63,64,77,78,79,89,13,14,15,16,19,20,21,24,25,28,65,66,67,70,71,74,80,81,84,90,65,66,67,68,70,71,72,74,75,77,80,81,82,84,85,87,90,91,93,96,66,67,68,69,71,72,73,75,76,78,81,82,83,85,86,88,91,92,94,97,14,15,16,17,20,21,22,25,26,29,70,71,72,74,75,77,84,85,87,93,70,71,72,73,74,75,76,77,78,79,84,85,86,87,88,89,93,94,95,98,15,16,17,18,21,22,23,26,27,30,74,75,76,77,78,79,87,88,89,95,19,20,21,22,24,25,26,28,29,31,80,81,82,84,85,87,90,91,93,96,80,81,82,83,84,85,86,87,88,89,90,91,92,93,94,95,96,97,98,99,20,21,22,23,25,26,27,29,30,32,84,85,86,87,88,89,93,94,95,98,24,25,26,27,28,29,30,31,32,33,90,91,92,93,94,95,96,97,98,99];
