function M0 = getM0_red_199x255_colpiv()
    ix = [25 27 47 49 51 63 65 73 4 6 26 28 48 50 64 27 29 49 51 63 65 73 6 28 50 64 29 51 65 73 106 119 127 106 119 127 132 138 36 38 56 58 69 3 5 7 37 39 57 59 70 38 40 56 58 69 5 7 39 41 57 59 70 40 58 69 7 41 59 70 27 49 51 63 65 73 149 156 168 171 150 155 51 65 73 151 156 169 171 152 157 172 6 28 50 64 153 68 74 154 157 170 172 155 29 51 65 73 156 171 157 172 155 175 177 18 112 124 106 119 127 197 202 18 22 112 124 135 119 127 132 138 197 202 203 128 139 198 204 164 160 164 165 173 161 165 173 5 7 39 57 59 60 70 72 162 166 7 59 62 70 72 163 166 164 167 40 58 69 165 167 173 7 41 59 70 166 167 61 71 58 69 66 74 6 64 67 69 71 7 70 72 73 74 71 75 176 38 56 58 69 179 199 201 18 112 124 126 200 201 128 18 22 124 126 135 137 200 201 17 105 118 29 51 65 73 81 92 98 125 196 157 172 188 123 7 12 70 72 96 97 17 105 118 121 194 51 65 73 81 92 98 156 171 187 115 125 191 196 68 74 94 99 154 170 172 185 188 17 107 118 121 194 65 73 92 98 151 169 171 182 187 191 55 68 74 83 94 99 148 170 185 17 107 121 145 169 182 35 55 68 74 83 94 99 17 21 105 118 131 71 6 11 67 7 12 16 18 70 72 96 97 110 114 124 126 200 141 191 196 17 21 107 118 131 140 194 17 21 118 131 58 69 86 95 109 111 123 5 7 10 12 39 57 59 70 85 87 96 141 196 164 17 21 118 121 131 140 194 5 7 10 12 57 60 70 72 85 88 96 97 162 51 65 73 81 92 98 104 106 117 119 127 6 11 28 50 64 80 91 74 99 120 128 172 188 193 198 155 186 69 95 65 73 92 98 104 117 119 127 171 187 190 197 202 6 11 50 64 80 91 153 184 150 186 73 98 117 127 169 182 190 192 202 6 11 54 64 67 82 91 147 184 55 74 83 99 108 120 128 130 170 185 193 195 144 6 34 54 67 82 65 73 92 98 104 117 119 127 132 138 6 11 15 17 50 64 80 91 103 105 118 27 49 51 63 65 73 79 81 90 92 98 74 99 120 128 139 193 204 186 189 196 66 74 93 99 152 172 183 188 73 98 117 127 138 190 202 203 49 63 65 73 79 90 92 98 149 168 171 181 187 68 74 94 99 120 130 133 139 170 185 193 195 189 191 6 11 15 17 54 64 67 82 91 103 107 118 129 184 194 63 73 90 98 143 168 169 181 182 33 55 66 74 83 93 99 101 146 170 183 185 6 11 15 17 21 64 91 103 118 131 141 189 196 66 74 93 99 120 128 183 193 6 11 15 17 21 64 91 103 118 121 129 131 140 184 194 19 49 65 73 79 92 98 104 119 168 181 190 202 53 66 68 74 93 94 99 101 120 122 128 130 146 170 183 185 193 195 102 175 180 186 6 13 26 50 54 64 67 78 80 82 100 178 184 19 49 63 65 73 79 90 92 98 104 117 119 127 4 6 11 13 15 17 26 48 50 64 80 103 118 25 47 49 63 65 73 79 90 92 98 102 175 177 186 189 52 66 74 93 99 159 183 4 6 11 13 15 17 26 50 64 67 76 80 91 100 103 118 121 129 178 184 194 47 63 73 90 98 142 168 181 32 52 68 74 93 94 99 101 146 170 183 185 19 49 63 65 73 79 90 92 98 104 117 119 127 2 4 6 11 13 24 26 50 64 80 91 102 158 175 186 2 4 6 13 26 31 50 64 80 100 178 184 23 47 63 73 30 52 66 74 111 123 7 12 41 59 70 87 96 74 99 167 73 98 111 123 7 12 59 70 87 96 166 173 165 173 7 12 62 72 89 97 163 115 125 161 173 7 12 46 62 72 89 97 111 123 134 7 12 16 18 59 70 87 96 110 112 124 40 58 69 86 95 141 196 125 136 201 17 21 118 121 131 140 194 123 134 58 69 86 95 115 125 136 68 74 94 99 120 122 128 130 170 185 193 195 61 71 199 7 12 16 18 62 72 89 97 114 116 126 45 61 71 17 21 123 134 73 98 117 127 138 7 12 16 18 20 22 70 96 110 124 135 125 136 74 99 120 128 139 113 125 7 12 16 18 20 22 72 97 114 126 137 6 11 15 17 64 91 103 118 121 129 184 194 69 95 109 123 113 115 125 53 66 68 74 93 94 99 101 146 170 183 185 160 173 5 7 10 12 44 60 62 72 88 89 97 7 12 16 18 20 22 6 11 15 17 21 69 95 109 123 134 19 49 63 65 73 79 90 92 98 104 117 119 127 5 7 10 12 14 16 18 57 70 85 96 110 124 4 6 9 11 13 26 48 50 64 80 91 38 56 58 69 84 86 95 113 125 136 66 74 93 99 120 128 102 175 177 186 71 75 174 176 5 7 10 12 14 16 18 60 72 88 97 114 126 4 6 9 11 13 26 50 64 67 76 80 100 178 184 56 69 84 95 179 61 71 75 77 174 5 7 10 12 14 16 18 20 22 4 6 9 11 15 17 56 69 84 95 109 123 47 63 73 90 98 3 5 7 8 10 12 37 57 70 85 96 71 75 113 125 174 52 66 74 93 99 3 5 7 8 10 12 43 60 72 88 97 3 5 7 8 10 12 14 16 18 2 4 6 9 11 36 56 69 84 95 42 71 75 174 1 3 5 7 8 10 12];
