function M0 = getM0_red_136x194_colpiv()
    ix = [18 20 40 42 56 19 41 55 20 42 56 19 41 55 62 64 82 84 96 5 20 42 56 63 65 83 85 97 64 84 96 65 85 97 64 84 96 102 114 10 65 85 97 103 115 29 31 49 30 32 48 50 31 49 32 50 141 148 173 176 184 19 41 55 142 149 168 174 185 143 148 169 173 184 144 149 170 174 185 57 145 150 175 177 186 20 42 56 58 146 171 59 147 150 172 175 186 148 173 184 149 174 185 150 175 186 32 50 74 76 90 92 75 91 76 92 96 136 170 185 189 212 196 199 213 216 221 98 150 175 186 197 214 65 85 97 99 198 215 199 216 221 14 127 160 166 182 183 30 48 50 153 161 178 154 160 162 179 182 183 50 155 161 178 156 162 179 182 51 163 167 180 31 49 52 157 164 181 53 158 163 180 54 159 164 181 160 165 182 183 32 50 161 178 162 165 179 182 163 180 164 181 165 182 92 204 208 219 95 206 209 220 76 92 208 219 209 220 235 81 95 113 119 10 71 89 99 107 117 38 54 80 94 27 47 59 70 88 98 95 113 119 128 10 13 89 99 107 117 124 5 26 46 58 69 71 87 89 99 10 13 119 128 10 13 99 117 124 9 54 80 94 112 47 59 70 88 98 106 116 37 53 79 81 93 95 9 12 14 94 112 129 59 88 98 106 116 123 125 131 53 79 93 95 111 113 119 5 8 10 46 58 69 87 89 99 105 107 117 4 36 52 54 78 80 94 25 45 47 57 59 68 70 86 88 98 9 12 14 98 116 123 131 93 111 119 128 5 8 10 11 13 58 87 99 105 117 124 4 7 9 52 78 94 112 45 57 59 68 86 88 98 104 106 116 35 51 53 77 79 93 95 3 5 24 44 46 58 67 69 87 89 99 5 8 10 11 13 4 7 9 12 14 57 86 98 104 116 123 131 51 77 93 111 119 3 5 6 8 10 44 58 67 87 99 105 117 2 4 34 52 78 94 23 43 45 57 59 66 68 86 88 98 3 5 6 8 10 11 13 2 4 7 9 43 57 66 86 98 104 116 33 51 77 93 1 3 5 22 44 58 67 87 99 1 3 5 6 8 10 2 4 21 43 57 66 86 98 1 3 5 76 92 110 118 119 209 220 229 199 216 221 225 231 165 182 207 218 92 110 118 208 219 228 10 85 97 99 103 115 117 198 215 224 75 91 94 164 181 205 64 84 96 149 174 185 195 212 95 113 119 206 220 229 196 213 216 221 223 225 231 162 179 182 203 207 218 59 88 98 147 172 175 186 192 197 214 118 204 219 228 10 89 97 99 107 115 117 193 215 224 54 80 91 94 159 181 205 84 96 144 170 174 185 189 195 212 190 213 221 223 231 156 179 203 218 47 59 70 88 98 140 172 186 192 214 92 110 118 126 10 13 85 97 103 115 121 9 75 91 109 119 128 220 229 216 221 225 231 232 182 207 218 230 98 116 175 186 197 214 227 93 163 180 209 211 220 148 173 184 194 199 216 217 221 118 126 219 228 10 13 97 99 115 117 121 124 215 224 9 91 94 109 112 181 205 84 96 102 114 174 185 195 212 222 50 74 90 92 161 178 202 208 219 5 42 56 58 63 83 85 87 97 99 146 171 191 198 215 213 221 223 231 232 179 203 218 230 59 88 98 106 116 172 186 192 214 227 53 79 93 95 158 180 206 211 220 143 169 173 184 188 194 196 213 216 217 221 96 114 170 185 189 212 222 90 155 178 202 204 219 5 46 56 58 69 83 87 89 97 99 139 171 191 193 215 135 169 184 188 190 213 217 221 118 126 10 13 97 115 121 9 12 14 91 109 127 84 96 102 114 120 122 130 50 74 90 92 108 110 118 5 8 10 42 56 63 83 85 97 101 103 115 4 31 49 73 75 91 221 231 232 218 230 235 98 116 123 131 186 214 227 234 93 111 119 180 211 220 229 173 184 194 216 217 221 225 226 231 160 182 183 207 210 218 57 86 98 145 175 177 186 197 201 214 96 114 120 130 185 212 222 233 90 108 118 178 202 219 228 5 8 10 56 58 83 87 97 99 101 105 115 117 171 191 215 224 4 49 52 73 78 91 94 157 181 205 41 55 62 82 84 96 142 168 174 185 187 195 212 169 184 188 213 217 221 223 226 231 154 179 183 203 210 218 45 57 59 68 86 88 98 138 172 177 186 192 201 214 55 82 96 134 168 170 185 187 189 212 96 114 120 130 90 108 118 126 5 8 10 11 13 56 83 97 101 115 121 4 7 9 49 73 91 109 41 55 62 82 84 96 100 102 114 30 48 50 72 74 90 92 3 5 18 40 42 56 61 63 83 85 97 184 217 221 226 231 232 183 210 218 230 57 86 98 104 116 177 186 201 214 227 51 77 93 167 180 211 220 141 173 176 184 194 200 216 217 221 55 82 96 100 114 168 185 187 212 222 48 72 90 153 178 202 219 3 5 40 44 56 58 61 67 83 87 97 99 137 171 191 215 133 169 176 184 188 200 213 217 221 55 82 96 100 114 120 130 48 72 90 108 118 3 5 6 8 10 40 56 61 83 97 101 115 2 4 29 49 73 91 17 39 41 55 60 62 82 84 96 176 184 200 217 221 226 231 166 183 210 218 43 57 66 86 98 152 177 186 201 214 39 55 60 82 96 132 168 185 187 212 39 55 60 82 96 100 114 28 48 72 90 1 3 5 16 40 56 61 83 97 151 176 184 200 217 221 15 39 55 60 82 96];
