% Input: coefficient matrix C of size 3x20
% Output: solution matrix S of size 3x33

function S = red_65x98_colpiv_satellite_triang(C)

    ix = [1,1,1,1,1,1,1,1,1,1,1,1,1,1,1,1,1,1,1,1,2,2,2,2,2,2,2,2,2,2,2,2,2,2,2,2,2,2,2,3,3,3,3,3,3,3,3,3,3,3,3,3,3,3,3,3,3,3,4,4,4,4,4,4,4,4,4,4,4,4,4,4,4,4,4,4,4,4,5,5,5,5,5,5,5,5,5,5,5,5,5,5,5,5,5,5,5,5,6,6,6,6,6,6,6,6,6,6,6,6,6,6,6,6,6,6,6,6,7,7,7,7,7,7,7,7,7,7,7,7,7,7,7,7,7,7,7,7,8,8,8,8,8,8,8,8,8,8,8,8,8,8,8,8,8,8,8,8,9,9,9,9,9,9,9,9,9,9,9,9,9,9,9,9,9,9,9,9,10,10,10,10,10,10,10,10,10,10,10,10,10,10,10,10,10,10,10,10,11,11,11,11,11,11,11,11,11,11,11,11,11,11,11,11,11,11,11,11,12,12,12,12,12,12,12,12,12,12,12,12,12,12,12,12,12,12,12,12,13,13,13,13,13,13,13,13,13,13,13,13,13,13,13,13,13,13,13,13,14,14,14,14,14,14,14,14,14,14,14,14,14,14,14,14,14,14,14,14,15,15,15,15,15,15,15,15,15,15,15,15,15,15,15,15,15,15,15,15,16,16,16,16,16,16,16,16,16,16,16,16,16,16,16,16,16,16,16,16,17,17,17,17,17,17,17,17,17,17,17,17,17,17,17,17,17,17,17,17,18,18,18,18,18,18,18,18,18,18,18,18,18,18,18,18,18,18,18,18,19,19,19,19,19,19,19,19,19,19,19,19,19,19,19,19,19,19,19,19,20,20,20,20,20,20,20,20,20,20,20,20,20,20,20,20,20,20,20,20,21,21,21,21,21,21,21,21,21,21,21,21,21,21,21,21,21,21,21,21,22,22,22,22,22,22,22,22,22,22,22,22,22,22,22,22,22,22,22,22,23,23,23,23,23,23,23,23,23,23,23,23,23,23,23,23,23,23,23,24,24,24,24,24,24,24,24,24,24,24,24,24,24,24,24,24,24,24,25,25,25,25,25,25,25,25,25,25,25,25,25,25,25,25,25,25,25,25,26,26,26,26,26,26,26,26,26,26,26,26,26,26,26,26,26,26,26,26,27,27,27,27,27,27,27,27,27,27,27,27,27,27,27,27,27,27,27,27,28,28,28,28,28,28,28,28,28,28,28,28,28,28,28,28,28,28,28,28,29,29,29,29,29,29,29,29,29,29,29,29,29,29,29,29,29,29,29,29,30,30,30,30,30,30,30,30,30,30,30,30,30,30,30,30,30,30,30,30,31,31,31,31,31,31,31,31,31,31,31,31,31,31,31,31,31,31,31,31,32,32,32,32,32,32,32,32,32,32,32,32,32,32,32,32,32,32,32,32,33,33,33,33,33,33,33,33,33,33,33,33,33,33,33,33,33,33,33,33,34,34,34,34,34,34,34,34,34,34,34,34,34,34,34,34,34,34,34,34,35,35,35,35,35,35,35,35,35,35,35,35,35,35,35,35,35,35,35,35,36,36,36,36,36,36,36,36,36,36,36,36,36,36,36,36,36,36,36,36,37,37,37,37,37,37,37,37,37,37,37,37,37,37,37,37,37,37,37,37,38,38,38,38,38,38,38,38,38,38,38,38,38,38,38,38,38,38,38,38,39,39,39,39,39,39,39,39,39,39,39,39,39,39,39,39,39,39,39,39,40,40,40,40,40,40,40,40,40,40,40,40,40,40,40,40,40,40,40,40,41,41,41,41,41,41,41,41,41,41,41,41,41,41,41,41,41,41,41,41,42,42,42,42,42,42,42,42,42,42,42,42,42,42,42,42,42,42,42,42,43,43,43,43,43,43,43,43,43,43,43,43,43,43,43,43,43,43,43,43,44,44,44,44,44,44,44,44,44,44,44,44,44,44,44,44,44,44,44,44,45,45,45,45,45,45,45,45,45,45,45,45,45,45,45,45,45,45,45,46,46,46,46,46,46,46,46,46,46,46,46,46,46,46,46,46,46,46,46,47,47,47,47,47,47,47,47,47,47,47,47,47,47,47,47,47,47,47,47,48,48,48,48,48,48,48,48,48,48,48,48,48,48,48,48,48,48,48,48,49,49,49,49,49,49,49,49,49,49,49,49,49,49,49,49,49,49,49,49,50,50,50,50,50,50,50,50,50,50,50,50,50,50,50,50,50,50,50,50,51,51,51,51,51,51,51,51,51,51,51,51,51,51,51,51,51,51,51,51,52,52,52,52,52,52,52,52,52,52,52,52,52,52,52,52,52,52,52,52,53,53,53,53,53,53,53,53,53,53,53,53,53,53,53,53,53,53,53,53,54,54,54,54,54,54,54,54,54,54,54,54,54,54,54,54,54,54,54,54,55,55,55,55,55,55,55,55,55,55,55,55,55,55,55,55,55,55,55,55,56,56,56,56,56,56,56,56,56,56,56,56,56,56,56,56,56,56,56,56,57,57,57,57,57,57,57,57,57,57,57,57,57,57,57,57,57,57,57,57,58,58,58,58,58,58,58,58,58,58,58,58,58,58,58,58,58,58,58,58,59,59,59,59,59,59,59,59,59,59,59,59,59,59,59,59,59,59,59,59,60,60,60,60,60,60,60,60,60,60,60,60,60,60,60,60,60,60,60,60,61,61,61,61,61,61,61,61,61,61,61,61,61,61,61,61,61,61,61,61,62,62,62,62,62,62,62,62,62,62,62,62,62,62,62,62,62,62,62,62,63,63,63,63,63,63,63,63,63,63,63,63,63,63,63,63,63,63,63,63,64,64,64,64,64,64,64,64,64,64,64,64,64,64,64,64,64,64,64,64,65,65,65,65,65,65,65,65,65,65,65,65,65,65,65,65,65,65,65,65];
    jx = [1,2,3,4,6,7,8,9,13,15,16,21,36,38,39,40,43,44,49,64,2,3,4,5,7,9,13,14,16,17,22,36,37,39,41,44,45,50,65,6,7,36,37,38,39,40,41,42,43,44,45,49,50,54,64,65,69,79,10,11,13,14,17,18,19,23,24,28,45,46,47,51,52,56,66,67,71,81,10,11,12,14,18,19,20,24,25,29,46,47,48,52,53,57,67,68,72,82,43,44,45,46,49,50,51,54,55,58,64,65,66,69,70,73,79,80,83,89,44,45,46,47,50,51,52,55,56,59,65,66,67,70,71,74,80,81,84,90,45,46,47,48,51,52,53,56,57,60,66,67,68,71,72,75,81,82,85,91,49,50,51,52,54,55,56,58,59,61,69,70,71,73,74,76,83,84,86,92,50,51,52,53,55,56,57,59,60,62,70,71,72,74,75,77,84,85,87,93,54,55,56,57,58,59,60,61,62,63,73,74,75,76,77,78,86,87,88,94,15,16,17,18,21,22,23,26,27,30,64,65,66,69,70,73,79,80,83,89,16,17,18,19,22,23,24,27,28,31,65,66,67,70,71,74,80,81,84,90,17,18,19,20,23,24,25,28,29,32,66,67,68,71,72,75,81,82,85,91,64,65,66,67,69,70,71,73,74,76,79,80,81,83,84,86,89,90,92,95,65,66,67,68,70,71,72,74,75,77,80,81,82,84,85,87,90,91,93,96,69,70,71,72,73,74,75,76,77,78,83,84,85,86,87,88,92,93,94,97,21,22,23,24,26,27,28,30,31,33,79,80,81,83,84,86,89,90,92,95,22,23,24,25,27,28,29,31,32,34,80,81,82,84,85,87,90,91,93,96,79,80,81,82,83,84,85,86,87,88,89,90,91,92,93,94,95,96,97,98,26,27,28,29,30,31,32,33,34,35,89,90,91,92,93,94,95,96,97,98,1,2,3,4,6,7,8,9,13,15,16,21,36,38,39,40,43,44,49,64,2,3,4,5,7,9,13,14,16,17,22,36,37,39,41,44,45,50,65,6,7,36,37,38,39,40,41,42,43,44,45,49,50,54,64,65,69,79,9,10,13,14,16,17,18,22,23,27,44,45,46,50,51,55,65,66,70,80,10,11,13,14,17,18,19,23,24,28,45,46,47,51,52,56,66,67,71,81,10,11,12,14,18,19,20,24,25,29,46,47,48,52,53,57,67,68,72,82,43,44,45,46,49,50,51,54,55,58,64,65,66,69,70,73,79,80,83,89,44,45,46,47,50,51,52,55,56,59,65,66,67,70,71,74,80,81,84,90,45,46,47,48,51,52,53,56,57,60,66,67,68,71,72,75,81,82,85,91,49,50,51,52,54,55,56,58,59,61,69,70,71,73,74,76,83,84,86,92,50,51,52,53,55,56,57,59,60,62,70,71,72,74,75,77,84,85,87,93,54,55,56,57,58,59,60,61,62,63,73,74,75,76,77,78,86,87,88,94,15,16,17,18,21,22,23,26,27,30,64,65,66,69,70,73,79,80,83,89,16,17,18,19,22,23,24,27,28,31,65,66,67,70,71,74,80,81,84,90,17,18,19,20,23,24,25,28,29,32,66,67,68,71,72,75,81,82,85,91,64,65,66,67,69,70,71,73,74,76,79,80,81,83,84,86,89,90,92,95,65,66,67,68,70,71,72,74,75,77,80,81,82,84,85,87,90,91,93,96,69,70,71,72,73,74,75,76,77,78,83,84,85,86,87,88,92,93,94,97,21,22,23,24,26,27,28,30,31,33,79,80,81,83,84,86,89,90,92,95,22,23,24,25,27,28,29,31,32,34,80,81,82,84,85,87,90,91,93,96,79,80,81,82,83,84,85,86,87,88,89,90,91,92,93,94,95,96,97,98,26,27,28,29,30,31,32,33,34,35,89,90,91,92,93,94,95,96,97,98,1,2,3,4,6,7,8,9,13,15,16,21,36,38,39,40,43,44,49,64,2,3,4,5,7,9,13,14,16,17,22,36,37,39,41,44,45,50,65,8,9,13,14,15,16,17,21,22,26,43,44,45,49,50,54,64,65,69,79,9,10,13,14,16,17,18,22,23,27,44,45,46,50,51,55,65,66,70,80,10,11,13,14,17,18,19,23,24,28,45,46,47,51,52,56,66,67,71,81,10,11,12,14,18,19,20,24,25,29,46,47,48,52,53,57,67,68,72,82,43,44,45,46,49,50,51,54,55,58,64,65,66,69,70,73,79,80,83,89,44,45,46,47,50,51,52,55,56,59,65,66,67,70,71,74,80,81,84,90,45,46,47,48,51,52,53,56,57,60,66,67,68,71,72,75,81,82,85,91,49,50,51,52,54,55,56,58,59,61,69,70,71,73,74,76,83,84,86,92,50,51,52,53,55,56,57,59,60,62,70,71,72,74,75,77,84,85,87,93,54,55,56,57,58,59,60,61,62,63,73,74,75,76,77,78,86,87,88,94,15,16,17,18,21,22,23,26,27,30,64,65,66,69,70,73,79,80,83,89,16,17,18,19,22,23,24,27,28,31,65,66,67,70,71,74,80,81,84,90,17,18,19,20,23,24,25,28,29,32,66,67,68,71,72,75,81,82,85,91,64,65,66,67,69,70,71,73,74,76,79,80,81,83,84,86,89,90,92,95,65,66,67,68,70,71,72,74,75,77,80,81,82,84,85,87,90,91,93,96,69,70,71,72,73,74,75,76,77,78,83,84,85,86,87,88,92,93,94,97,21,22,23,24,26,27,28,30,31,33,79,80,81,83,84,86,89,90,92,95,22,23,24,25,27,28,29,31,32,34,80,81,82,84,85,87,90,91,93,96,79,80,81,82,83,84,85,86,87,88,89,90,91,92,93,94,95,96,97,98,26,27,28,29,30,31,32,33,34,35,89,90,91,92,93,94,95,96,97,98];
