% Input: coefficient matrix C of size 3x20
% Output: solution matrix S of size 3x35

function S = red_62x97_colpiv_opt_pnp_hesch(C)

    ix = [1,1,1,1,1,1,1,1,1,1,1,1,1,1,1,1,1,1,1,1,2,2,2,2,2,2,2,2,2,2,2,2,2,2,2,2,2,2,2,2,3,3,3,3,3,3,3,3,3,3,3,3,3,3,3,3,3,3,3,3,4,4,4,4,4,4,4,4,4,4,4,4,4,4,4,4,4,4,4,4,5,5,5,5,5,5,5,5,5,5,5,5,5,5,5,5,5,5,5,5,6,6,6,6,6,6,6,6,6,6,6,6,6,6,6,6,6,6,6,6,7,7,7,7,7,7,7,7,7,7,7,7,7,7,7,7,7,7,7,7,8,8,8,8,8,8,8,8,8,8,8,8,8,8,8,8,8,8,8,8,9,9,9,9,9,9,9,9,9,9,9,9,9,9,9,9,9,9,9,9,10,10,10,10,10,10,10,10,10,10,10,10,10,10,10,10,10,10,10,10,11,11,11,11,11,11,11,11,11,11,11,11,11,11,11,11,11,11,11,11,12,12,12,12,12,12,12,12,12,12,12,12,12,12,12,12,12,12,12,12,13,13,13,13,13,13,13,13,13,13,13,13,13,13,13,13,13,13,13,13,14,14,14,14,14,14,14,14,14,14,14,14,14,14,14,14,14,14,14,14,15,15,15,15,15,15,15,15,15,15,15,15,15,15,15,15,15,15,15,15,16,16,16,16,16,16,16,16,16,16,16,16,16,16,16,16,16,16,16,16,17,17,17,17,17,17,17,17,17,17,17,17,17,17,17,17,17,17,17,17,18,18,18,18,18,18,18,18,18,18,18,18,18,18,18,18,18,18,18,18,19,19,19,19,19,19,19,19,19,19,19,19,19,19,19,19,19,19,19,19,20,20,20,20,20,20,20,20,20,20,20,20,20,20,20,20,20,20,20,20,21,21,21,21,21,21,21,21,21,21,21,21,21,21,21,21,21,21,21,21,22,22,22,22,22,22,22,22,22,22,22,22,22,22,22,22,22,22,22,22,23,23,23,23,23,23,23,23,23,23,23,23,23,23,23,23,23,23,23,23,24,24,24,24,24,24,24,24,24,24,24,24,24,24,24,24,24,24,24,24,25,25,25,25,25,25,25,25,25,25,25,25,25,25,25,25,25,25,25,25,26,26,26,26,26,26,26,26,26,26,26,26,26,26,26,26,26,26,26,26,27,27,27,27,27,27,27,27,27,27,27,27,27,27,27,27,27,27,27,27,28,28,28,28,28,28,28,28,28,28,28,28,28,28,28,28,28,28,28,28,29,29,29,29,29,29,29,29,29,29,29,29,29,29,29,29,29,29,29,29,30,30,30,30,30,30,30,30,30,30,30,30,30,30,30,30,30,30,30,30,31,31,31,31,31,31,31,31,31,31,31,31,31,31,31,31,31,31,31,31,32,32,32,32,32,32,32,32,32,32,32,32,32,32,32,32,32,32,32,32,33,33,33,33,33,33,33,33,33,33,33,33,33,33,33,33,33,33,33,33,34,34,34,34,34,34,34,34,34,34,34,34,34,34,34,34,34,34,34,34,35,35,35,35,35,35,35,35,35,35,35,35,35,35,35,35,35,35,35,35,36,36,36,36,36,36,36,36,36,36,36,36,36,36,36,36,36,36,36,36,37,37,37,37,37,37,37,37,37,37,37,37,37,37,37,37,37,37,37,37,38,38,38,38,38,38,38,38,38,38,38,38,38,38,38,38,38,38,38,38,39,39,39,39,39,39,39,39,39,39,39,39,39,39,39,39,39,39,39,39,40,40,40,40,40,40,40,40,40,40,40,40,40,40,40,40,40,40,40,40,41,41,41,41,41,41,41,41,41,41,41,41,41,41,41,41,41,41,41,41,42,42,42,42,42,42,42,42,42,42,42,42,42,42,42,42,42,42,42,42,43,43,43,43,43,43,43,43,43,43,43,43,43,43,43,43,43,43,43,43,44,44,44,44,44,44,44,44,44,44,44,44,44,44,44,44,44,44,44,44,45,45,45,45,45,45,45,45,45,45,45,45,45,45,45,45,45,45,45,45,46,46,46,46,46,46,46,46,46,46,46,46,46,46,46,46,46,46,46,46,47,47,47,47,47,47,47,47,47,47,47,47,47,47,47,47,47,47,47,47,48,48,48,48,48,48,48,48,48,48,48,48,48,48,48,48,48,48,48,48,49,49,49,49,49,49,49,49,49,49,49,49,49,49,49,49,49,49,49,49,50,50,50,50,50,50,50,50,50,50,50,50,50,50,50,50,50,50,50,50,51,51,51,51,51,51,51,51,51,51,51,51,51,51,51,51,51,51,51,51,52,52,52,52,52,52,52,52,52,52,52,52,52,52,52,52,52,52,52,52,53,53,53,53,53,53,53,53,53,53,53,53,53,53,53,53,53,53,53,53,54,54,54,54,54,54,54,54,54,54,54,54,54,54,54,54,54,54,54,54,55,55,55,55,55,55,55,55,55,55,55,55,55,55,55,55,55,55,55,55,56,56,56,56,56,56,56,56,56,56,56,56,56,56,56,56,56,56,56,56,57,57,57,57,57,57,57,57,57,57,57,57,57,57,57,57,57,57,57,57,58,58,58,58,58,58,58,58,58,58,58,58,58,58,58,58,58,58,58,58,59,59,59,59,59,59,59,59,59,59,59,59,59,59,59,59,59,59,59,59,60,60,60,60,60,60,60,60,60,60,60,60,60,60,60,60,60,60,60,60,61,61,61,61,61,61,61,61,61,61,61,61,61,61,61,61,61,61,61,61,62,62,62,62,62,62,62,62,62,62,62,62,62,62,62,62,62,62,62,62];
    jx = [1,2,3,4,9,10,11,16,17,22,34,35,36,38,39,41,58,59,61,76,2,3,4,5,10,11,12,17,18,23,37,38,39,40,41,42,60,61,62,77,44,45,46,47,50,51,52,55,56,59,65,66,67,70,71,74,80,81,84,90,6,7,8,9,13,14,15,19,20,24,45,46,47,51,52,56,66,67,71,81,48,49,50,51,53,54,55,57,58,60,68,69,70,72,73,75,82,83,85,91,49,50,51,52,54,55,56,58,59,61,69,70,71,73,74,76,83,84,86,92,7,8,9,10,14,15,16,20,21,25,50,51,52,55,56,59,70,71,74,84,53,54,55,56,57,58,59,60,61,62,72,73,74,75,76,77,85,86,87,93,8,9,10,11,15,16,17,21,22,26,54,55,56,58,59,61,73,74,76,86,9,10,11,12,16,17,18,22,23,27,57,58,59,60,61,62,75,76,77,87,63,64,65,66,68,69,70,72,73,75,78,79,80,82,83,85,88,89,91,94,64,65,66,67,69,70,71,73,74,76,79,80,81,83,84,86,89,90,92,95,13,14,15,16,19,20,21,24,25,28,65,66,67,70,71,74,80,81,84,90,68,69,70,71,72,73,74,75,76,77,82,83,84,85,86,87,91,92,93,96,14,15,16,17,20,21,22,25,26,29,69,70,71,73,74,76,83,84,86,92,15,16,17,18,21,22,23,26,27,30,72,73,74,75,76,77,85,86,87,93,78,79,80,81,82,83,84,85,86,87,88,89,90,91,92,93,94,95,96,97,19,20,21,22,24,25,26,28,29,31,79,80,81,83,84,86,89,90,92,95,20,21,22,23,25,26,27,29,30,32,82,83,84,85,86,87,91,92,93,96,24,25,26,27,28,29,30,31,32,33,88,89,90,91,92,93,94,95,96,97,1,2,3,4,9,10,11,16,17,22,34,35,36,38,39,41,58,59,61,76,2,3,4,5,10,11,12,17,18,23,37,38,39,40,41,42,60,61,62,77,43,44,45,46,49,50,51,54,55,58,64,65,66,69,70,73,79,80,83,89,44,45,46,47,50,51,52,55,56,59,65,66,67,70,71,74,80,81,84,90,6,7,8,9,13,14,15,19,20,24,45,46,47,51,52,56,66,67,71,81,48,49,50,51,53,54,55,57,58,60,68,69,70,72,73,75,82,83,85,91,49,50,51,52,54,55,56,58,59,61,69,70,71,73,74,76,83,84,86,92,7,8,9,10,14,15,16,20,21,25,50,51,52,55,56,59,70,71,74,84,53,54,55,56,57,58,59,60,61,62,72,73,74,75,76,77,85,86,87,93,8,9,10,11,15,16,17,21,22,26,54,55,56,58,59,61,73,74,76,86,9,10,11,12,16,17,18,22,23,27,57,58,59,60,61,62,75,76,77,87,63,64,65,66,68,69,70,72,73,75,78,79,80,82,83,85,88,89,91,94,64,65,66,67,69,70,71,73,74,76,79,80,81,83,84,86,89,90,92,95,13,14,15,16,19,20,21,24,25,28,65,66,67,70,71,74,80,81,84,90,68,69,70,71,72,73,74,75,76,77,82,83,84,85,86,87,91,92,93,96,14,15,16,17,20,21,22,25,26,29,69,70,71,73,74,76,83,84,86,92,15,16,17,18,21,22,23,26,27,30,72,73,74,75,76,77,85,86,87,93,78,79,80,81,82,83,84,85,86,87,88,89,90,91,92,93,94,95,96,97,19,20,21,22,24,25,26,28,29,31,79,80,81,83,84,86,89,90,92,95,20,21,22,23,25,26,27,29,30,32,82,83,84,85,86,87,91,92,93,96,24,25,26,27,28,29,30,31,32,33,88,89,90,91,92,93,94,95,96,97,1,2,3,4,9,10,11,16,17,22,34,35,36,38,39,41,58,59,61,76,2,3,4,5,10,11,12,17,18,23,37,38,39,40,41,42,60,61,62,77,43,44,45,46,49,50,51,54,55,58,64,65,66,69,70,73,79,80,83,89,44,45,46,47,50,51,52,55,56,59,65,66,67,70,71,74,80,81,84,90,6,7,8,9,13,14,15,19,20,24,45,46,47,51,52,56,66,67,71,81,48,49,50,51,53,54,55,57,58,60,68,69,70,72,73,75,82,83,85,91,49,50,51,52,54,55,56,58,59,61,69,70,71,73,74,76,83,84,86,92,7,8,9,10,14,15,16,20,21,25,50,51,52,55,56,59,70,71,74,84,53,54,55,56,57,58,59,60,61,62,72,73,74,75,76,77,85,86,87,93,8,9,10,11,15,16,17,21,22,26,54,55,56,58,59,61,73,74,76,86,9,10,11,12,16,17,18,22,23,27,57,58,59,60,61,62,75,76,77,87,63,64,65,66,68,69,70,72,73,75,78,79,80,82,83,85,88,89,91,94,64,65,66,67,69,70,71,73,74,76,79,80,81,83,84,86,89,90,92,95,13,14,15,16,19,20,21,24,25,28,65,66,67,70,71,74,80,81,84,90,68,69,70,71,72,73,74,75,76,77,82,83,84,85,86,87,91,92,93,96,14,15,16,17,20,21,22,25,26,29,69,70,71,73,74,76,83,84,86,92,15,16,17,18,21,22,23,26,27,30,72,73,74,75,76,77,85,86,87,93,78,79,80,81,82,83,84,85,86,87,88,89,90,91,92,93,94,95,96,97,19,20,21,22,24,25,26,28,29,31,79,80,81,83,84,86,89,90,92,95,20,21,22,23,25,26,27,29,30,32,82,83,84,85,86,87,91,92,93,96,24,25,26,27,28,29,30,31,32,33,88,89,90,91,92,93,94,95,96,97];
