function C = coefs_focal6p(data)

    A = data{1};

    C = zeros(10,26);

    C([16,29,63]) = 1;
    C(11) = -A(2);
    C(21) = -A(3);
    C(64) = -A(4);
    C(24) = -A(6);
    C([44,111]) = 2*A(7);
    C([4,41]) = 2*A(8);
    C(12) = -A(11);
    C(22) = -A(12);
    C(65) = -A(13);
    C(25) = -A(15);
    C([45,112]) = 2*A(16);
    C([5,42]) = 2*A(17);
    C(89) = A(9)^2+A(18)^2;
    C(256) = 2*A(1)*A(4)+2*A(10)*A(13);
    C(259) = 2*A(1)*A(7)+2*A(10)*A(16);
    C(110) = -A(2)*A(17)+A(11)*A(8);
    C(170) = A(3)*A(15)-A(12)*A(6);
    C(103) = 2*A(5)*A(2)+2*A(14)*A(11);
    C([153,216]) = 2*A(6)*A(3)+2*A(15)*A(12);
    C(196) = 2*A(7)*A(4)+2*A(16)*A(13);
    C(53) = 2*A(8)*A(2)+2*A(17)*A(11);
    C(109) = 2*A(8)*A(5)+2*A(17)*A(14);
    C([96,173]) = -2*A(8)*A(7)-2*A(17)*A(16);
    C(129) = 2*A(8)*A(7)+2*A(17)*A(16);
    C(79) = 2*A(8)*A(9)+2*A(17)*A(18);
    C(83) = 2*A(9)*A(3)+2*A(18)*A(12);
    C(86) = 2*A(9)*A(6)+2*A(18)*A(15);
    C(149) = 2*A(9)*A(7)+2*A(18)*A(16);
    C(87) = A(9)*A(18)^2+A(9)^3;
    C(88) = A(9)^2*A(18)+A(18)^3;
    C(260) = -A(13)*A(7)+A(16)*A(4);
    C(61) = 2*A(9)-A(1);
    C(14) = 2*A(9)-A(5);
    C(62) = 2*A(18)-A(10);
    C(15) = 2*A(18)-A(14);
    C([176,223]) = 1-A(7)^2-A(16)^2;
    C(199) = 1+A(7)^2+A(16)^2;
    C(227) = A(7)^3-A(7)+A(7)*A(16)^2;
    C([36,93]) = -A(8)^2+1-A(17)^2;
    C(59) = A(8)^2+A(17)^2+1;
    C(228) = A(16)^3-A(16)+A(7)^2*A(16);
    C(37) = A(8)*A(17)^2+A(8)^3-A(8);
    C(38) = A(8)^2*A(17)+A(17)^3-A(17);
    C(84) = A(9)^2*A(6)-A(18)^2*A(6)+2*A(9)*A(18)*A(15);
    C(85) = A(18)^2*A(15)-A(9)^2*A(15)+2*A(9)*A(18)*A(6);
    C(82) = 2*A(9)*A(18)*A(3)+A(18)^2*A(12)-A(9)^2*A(12);
    C(81) = 2*A(9)*A(18)*A(12)+A(9)^2*A(3)-A(18)^2*A(3);
    C(253) = A(1)^2-A(4)^2+A(10)^2-A(13)^2;
    C(169) = -A(3)^2-A(6)^2-A(12)^2-A(15)^2;
    C(213) = A(3)^2-A(6)^2+A(12)^2-A(15)^2;
    C(106) = A(5)^2+A(14)^2-A(2)^2-A(11)^2;
    C(156) = A(6)^2+A(15)^2-A(3)^2-A(12)^2;
    C(243) = 2*A(3)*A(1)-2*A(6)*A(4)+2*A(12)*A(10)-2*A(15)*A(13);
    C(246) = 2*A(4)*A(3)+2*A(6)*A(1)+2*A(13)*A(12)+2*A(15)*A(10);
    C(133) = 2*A(5)*A(3)+2*A(6)*A(2)+2*A(14)*A(12)+2*A(15)*A(11);
    C(136) = 2*A(5)*A(6)+2*A(14)*A(15)-2*A(2)*A(3)-2*A(11)*A(12);
    C(73) = 2*A(8)*A(3)+2*A(9)*A(2)+2*A(17)*A(12)+2*A(18)*A(11);
    C(177) = 3*A(8)*A(7)^2+A(8)*A(16)^2-A(8)+2*A(7)*A(17)*A(16);
    C(34) = A(8)^2*A(5)-A(17)^2*A(5)+A(5)+2*A(8)*A(17)*A(14);
    C(97) = 3*A(8)^2*A(7)+A(7)*A(17)^2-A(7)+2*A(8)*A(17)*A(16);
    C(146) = 2*A(9)*A(4)+2*A(7)*A(6)+2*A(18)*A(13)+2*A(16)*A(15);
    C(193) = -2*A(9)*A(7)-2*A(18)*A(16)+2*A(1)*A(7)+2*A(10)*A(16);
    C(147) = 3*A(9)^2*A(7)+A(7)*A(18)^2+2*A(3)+2*A(9)*A(18)*A(16);
    C(178) = 3*A(17)*A(16)^2+A(7)^2*A(17)-A(17)+2*A(8)*A(16)*A(7);
    C(56) = -2*A(17)*A(18)+2*A(8)*A(5)+2*A(17)*A(14)-2*A(8)*A(9);
    C(35) = A(17)^2*A(14)-A(8)^2*A(14)+A(14)+2*A(8)*A(17)*A(5);
    C(98) = 3*A(17)^2*A(16)+A(8)^2*A(16)-A(16)+2*A(8)*A(17)*A(7);
    C(148) = 3*A(18)^2*A(16)+A(9)^2*A(16)+2*A(12)+2*A(9)*A(18)*A(7);
    C(222) = 2*A(7)*A(16)*A(1)+A(10)+A(16)^2*A(10)-A(7)^2*A(10);
    C(221) = 2*A(7)*A(16)*A(10)+A(1)+A(7)^2*A(1)-A(16)^2*A(1);
    C(32) = 2*A(8)*A(17)*A(2)+A(17)^2*A(11)-A(8)^2*A(11)-A(11);
    C(31) = 2*A(8)*A(17)*A(11)+A(8)^2*A(2)-A(17)^2*A(2)-A(2);
    C(224) = -A(4)+2*A(7)*A(16)*A(13)+A(7)^2*A(4)-A(16)^2*A(4);
    C(77) = 2*A(6)+2*A(9)*A(17)*A(18)+3*A(8)*A(9)^2+A(8)*A(18)^2;
    C(225) = -A(13)+2*A(7)*A(16)*A(4)+A(16)^2*A(13)-A(7)^2*A(13);
    C(78) = 2*A(15)+2*A(8)*A(18)*A(9)+3*A(17)*A(18)^2+A(9)^2*A(17);
    C(105) = A(14)^3+2*A(2)*A(11)*A(5)+A(5)^2*A(14)+A(11)^2*A(14)-A(2)^2*A(14);
    C(165) = A(15)^3+2*A(3)*A(12)*A(6)+A(6)^2*A(15)+A(12)^2*A(15)-A(3)^2*A(15);
    C(252) = A(1)^2*A(10)+A(13)^2*A(10)-A(4)^2*A(10)+A(10)^3+2*A(4)*A(13)*A(1);
    C(254) = A(4)*A(13)^2-A(10)^2*A(4)+A(1)^2*A(4)+A(4)^3+2*A(1)*A(10)*A(13);
    C(251) = A(4)^2*A(1)+A(1)*A(10)^2-A(13)^2*A(1)+A(1)^3+2*A(4)*A(13)*A(10);
    C(255) = A(4)^2*A(13)+A(10)^2*A(13)-A(1)^2*A(13)+A(13)^3+2*A(1)*A(10)*A(4);
    C(197) = 3*A(9)*A(7)^2+A(9)*A(16)^2+2*A(1)-A(9)+2*A(7)*A(18)*A(16);
    C(198) = 3*A(18)*A(16)^2+A(7)^2*A(18)+2*A(10)-A(18)+2*A(9)*A(16)*A(7);
    C(104) = 2*A(2)*A(11)*A(14)+A(5)^3+A(2)^2*A(5)+A(5)*A(14)^2-A(11)^2*A(5);
    C(164) = 2*A(3)*A(12)*A(15)+A(6)^3+A(3)^2*A(6)+A(6)*A(15)^2-A(12)^2*A(6);
    C(102) = 2*A(5)*A(14)*A(2)+A(11)^3+A(2)^2*A(11)+A(14)^2*A(11)-A(5)^2*A(11);
    C(101) = 2*A(5)*A(14)*A(11)+A(2)^3+A(5)^2*A(2)+A(2)*A(11)^2-A(14)^2*A(2);
    C(162) = 2*A(6)*A(15)*A(3)+A(12)^3+A(3)^2*A(12)+A(15)^2*A(12)-A(6)^2*A(12);
    C(161) = 2*A(6)*A(15)*A(12)+A(3)^3+A(6)^2*A(3)+A(3)*A(12)^2-A(15)^2*A(3);
    C(57) = 2*A(5)-A(9)+2*A(8)*A(18)*A(17)+3*A(8)^2*A(9)+A(9)*A(17)^2;
    C(58) = 2*A(14)-A(18)+2*A(9)*A(17)*A(8)+3*A(17)^2*A(18)+A(8)^2*A(18);
    C(76) = -A(9)^2-A(18)^2+2*A(8)*A(6)+2*A(9)*A(5)+2*A(17)*A(15)+2*A(18)*A(14);
    C(250) = A(1)*A(13)-A(15)*A(7)-A(13)*A(9)+A(18)*A(4)+A(16)*A(6)-A(10)*A(4);
    C(240) = -A(1)*A(16)-A(14)*A(7)-A(13)*A(8)+A(17)*A(4)+A(16)*A(5)+A(10)*A(7);
    C(257) = A(1)^2*A(7)+A(4)^2*A(7)-A(10)^2*A(7)-A(13)^2*A(7)+2*A(1)*A(10)*A(16)+2*A(4)*A(13)*A(16);
    C(233) = 2*A(2)*A(1)-2*A(5)*A(4)+2*A(11)*A(10)-2*A(14)*A(13)+2*A(1)*A(4)+2*A(10)*A(13);
    C(140) = A(2)*A(14)-A(2)*A(18)-A(3)*A(17)-A(11)*A(5)+A(11)*A(9)+A(12)*A(8);
    C(160) = A(2)*A(15)+A(3)*A(14)-A(3)*A(18)-A(11)*A(6)-A(12)*A(5)+A(12)*A(9);
    C(190) = -A(2)*A(16)-A(1)*A(17)-A(14)*A(8)+A(17)*A(5)+A(11)*A(7)+A(10)*A(8);
    C(220) = A(3)*A(13)+A(1)*A(15)-A(15)*A(9)+A(18)*A(6)-A(12)*A(4)-A(10)*A(6);
    C(186) = 2*A(5)*A(2)+2*A(5)*A(4)+2*A(14)*A(11)+2*A(14)*A(13)-2*A(2)*A(1)-2*A(11)*A(10);
    C(239) = 2*A(7)*A(2)+2*A(8)*A(1)+2*A(7)*A(4)+2*A(16)*A(11)+2*A(17)*A(10)+2*A(16)*A(13);
    C(189) = 2*A(8)*A(2)+2*A(7)*A(5)+2*A(8)*A(4)+2*A(17)*A(11)+2*A(16)*A(14)+2*A(17)*A(13);
    C(123) = -2*A(8)*A(9)-2*A(17)*A(18)+2*A(8)*A(1)+2*A(7)*A(2)+2*A(17)*A(10)+2*A(16)*A(11);
    C(143) = 2*A(9)*A(1)+2*A(7)*A(3)+2*A(18)*A(10)+2*A(16)*A(12)-A(9)^2-A(18)^2;
    C(219) = 2*A(9)*A(3)+2*A(18)*A(12)-2*A(3)*A(1)-2*A(6)*A(4)-2*A(12)*A(10)-2*A(15)*A(13);
    C(159) = 2*A(9)*A(6)+2*A(18)*A(15)-2*A(2)*A(3)-2*A(5)*A(6)-2*A(11)*A(12)-2*A(14)*A(15);
    C(126) = -2*A(9)*A(7)-2*A(18)*A(16)+2*A(8)*A(4)+2*A(7)*A(5)+2*A(17)*A(13)+2*A(16)*A(14);
    C(258) = A(10)^2*A(16)+A(13)^2*A(16)-A(1)^2*A(16)-A(4)^2*A(16)+2*A(1)*A(10)*A(7)+2*A(4)*A(13)*A(7);
    C(108) = 2*A(2)*A(11)*A(8)+2*A(5)*A(14)*A(8)+A(11)^2*A(17)+A(14)^2*A(17)-A(2)^2*A(17)-A(5)^2*A(17);
    C(107) = 2*A(2)*A(11)*A(17)+2*A(5)*A(14)*A(17)+A(2)^2*A(8)+A(5)^2*A(8)-A(11)^2*A(8)-A(14)^2*A(8);
    C(168) = 2*A(3)*A(12)*A(9)+2*A(6)*A(15)*A(9)+A(12)^2*A(18)+A(15)^2*A(18)-A(3)^2*A(18)-A(6)^2*A(18);
    C(167) = 2*A(3)*A(12)*A(18)+2*A(6)*A(15)*A(18)+A(3)^2*A(9)+A(6)^2*A(9)-A(12)^2*A(9)-A(15)^2*A(9);
    C(127) = 2*A(2)+2*A(4)+6*A(8)*A(9)*A(7)+2*A(8)*A(18)*A(16)+2*A(9)*A(17)*A(16)+2*A(7)*A(17)*A(18);
    C(128) = 2*A(11)+2*A(13)+2*A(8)*A(18)*A(7)+2*A(9)*A(17)*A(7)+2*A(8)*A(16)*A(9)+6*A(17)*A(18)*A(16);
    C(144) = A(9)^2*A(4)-A(18)^2*A(4)+2*A(7)*A(18)*A(15)-2*A(18)*A(16)*A(6)+2*A(9)*A(7)*A(6)+2*A(9)*A(18)*A(13)+2*A(9)*A(16)*A(15);
    C(72) = A(18)^2*A(11)-A(9)^2*A(11)+2*A(8)*A(18)*A(3)+2*A(9)*A(17)*A(3)+2*A(9)*A(18)*A(2)+2*A(17)*A(18)*A(12)-2*A(8)*A(9)*A(12);
    C(145) = A(18)^2*A(13)-A(9)^2*A(13)+2*A(18)*A(16)*A(15)-2*A(9)*A(7)*A(15)+2*A(9)*A(18)*A(4)+2*A(9)*A(16)*A(6)+2*A(7)*A(18)*A(6);
    C(71) = 2*A(8)*A(9)*A(3)+A(9)^2*A(2)-A(18)^2*A(2)+2*A(8)*A(18)*A(12)+2*A(9)*A(17)*A(12)+2*A(9)*A(18)*A(11)-2*A(17)*A(18)*A(3);
    C(74) = 2*A(8)*A(9)*A(6)+2*A(8)*A(18)*A(15)+2*A(9)*A(17)*A(15)+2*A(9)*A(18)*A(14)-2*A(17)*A(18)*A(6)-A(18)^2*A(5)+A(9)^2*A(5);
    C(75) = 2*A(8)*A(18)*A(6)+2*A(9)*A(17)*A(6)+2*A(9)*A(18)*A(5)+2*A(17)*A(18)*A(15)-2*A(8)*A(9)*A(15)+A(18)^2*A(14)-A(9)^2*A(14);
    C(141) = 2*A(9)*A(7)*A(3)+2*A(9)*A(18)*A(10)+2*A(9)*A(16)*A(12)+2*A(7)*A(18)*A(12)-2*A(18)*A(16)*A(3)+A(9)^2*A(1)-A(18)^2*A(1);
